999856
999819
999261
999251
998873
998700
998682
998656
998607
998515
998398
998370
998268
998182
998061
998038
997637
997149
996680
996470
996200
996184
996151
995922
995733
995485
995276
995213
995130
994936
994809
994616
994225
994203
993985
993881
992999
992766
992349
992169
992058
991909
991743
991543
991452
991370
991039
990977
990864
990603
990391
990348
990156
990075
990014
989839
989709
989534
989287
989240
989180
989066
988629
988251
988224
987918
987331
986919
986803
986729
986691
986678
986510
986382
986328
986328
985885
985460
985431
985294
985083
984752
984246
983957
983777
983764
983493
983476
983439
983216
982725
982436
982298
982106
982075
981955
981790
981350
981322
980962
980946
980927
980863
980450
980341
980269
980257
979904
979800
979793
979488
979432
979426
979390
979211
979163
979091
978769
978737
978679
978546
978324
978149
978091
978023
977766
977698
977188
976274
975887
975875
975631
975465
975391
974995
974967
974521
974389
973924
973839
973828
973790
973224
973074
972975
972880
972839
972618
972380
972224
972154
972036
971890
970649
970301
970267
970266
969697
969390
969195
968775
968664
968574
968561
968511
967629
967584
967404
967385
967375
967338
966570
966123
965781
965734
965643
965619
965495
964976
964938
964451
964378
964313
963613
963296
963033
963008
962601
962594
962495
961405
961283
961260
961056
960728
960693
960530
960509
960456
960171
960006
959965
959956
959955
959874
959543
959446
959442
959281
958867
958627
958169
957781
957683
957355
956895
956780
956564
956303
956104
955768
955664
955615
955008
954534
954169
954027
953996
953936
953712
953622
953366
953176
952951
952823
952774
952147
952064
951823
951556
951396
951191
951166
951053
950946
950518
950352
949992
949873
949621
949613
949496
949465
949440
949323
949294
949212
949170
949103
948803
948731
948621
948249
948034
947764
947444
947338
947246
946766
946234
945851
945789
945727
945513
945480
945471
945134
944427
944130
944123
943819
943811
943611
943591
943536
943350
943270
943175
942998
942947
942751
942527
942354
942284
942259
942144
942121
941682
940680
940666
940666
940509
940385
940332
940257
940035
939799
939780
939554
939233
938939
938742
938292
938089
938029
937648
937617
937589
937151
937149
936338
936123
936047
935898
935726
935659
935577
935327
934953
934931
934922
934677
934596
934221
934061
934038
933952
933731
933300
933228
932918
932896
932784
932306
932284
932165
932004
931992
931841
931790
931730
931249
930849
930589
930560
930170
930043
929702
929556
929041
928965
928670
927891
927396
927311
927190
926598
926597
926427
926128
925675
925539
925463
925372
925134
924941
924832
924802
924746
924376
924058
924028
923905
923663
923613
923540
923133
923089
922831
922752
922538
922414
922294
922144
921704
921595
921298
920720
920656
920589
920575
920537
920344
920215
920064
919974
919253
919025
918930
918543
918538
918458
918005
917904
917787
917403
916965
916958
916838
916758
916443
916202
915969
915532
915459
915338
915190
915062
915003
914866
914651
914373
914228
914054
913908
913765
913620
913248
913055
912301
912267
911857
911807
911787
911669
911448
911363
911207
911075
911074
910777
910415
910178
909873
909662
909607
909297
908981
908848
908737
908711
908642
908592
908252
907843
907687
907517
907347
906870
906859
906850
906622
906358
906285
906258
906210
905801
905563
905532
905445
904814
904731
904072
904021
903684
903600
903222
902529
902438
902406
902321
902277
902252
901772
901692
901234
901114
901001
900952
900932
900812
900810
900656
900559
900438
900247
900192
899995
899830
899359
899201
898872
898756
898161
898093
898082
898067
897783
897743
897452
897430
897361
896708
896704
896442
896022
896007
895915
895758
895364
895218
894901
894860
894718
894475
894474
894253
894203
894050
893777
893054
892843
892759
892643
892432
892187
892116
892043
892040
891981
891570
891210
890925
890918
890612
890338
890124
889854
889526
889518
889479
889381
889075
889048
888936
888820
888757
888721
888685
888601
888275
888087
888030
887248
887193
887071
887017
886231
886047
885913
885787
885628
884635
884581
884515
883841
883585
883043
883034
882948
882557
882390
882216
882155
882107
881983
881731
881200
880872
880535
880276
880157
879806
879711
879037
878595
878511
878096
877290
877103
876815
876788
876694
876503
876096
874893
874603
874430
874253
873721
873569
873402
872803
872617
872403
871987
871733
871326
871199
870959
870382
870337
870302
870194
870147
870043
870003
869863
869697
869620
869533
869411
869397
869203
868993
868827
868772
868576
868434
868372
868371
868231
867982
867807
867735
867662
867590
867526
867490
866378
866317
866288
866062
865910
865649
865368
865323
865310
865239
865226
865124
865120
864989
864933
864768
864539
864442
864436
864291
864216
864062
863459
863174
862876
862585
862279
862135
862036
861852
861621
861406
860969
860937
860872
860861
860739
860678
860492
860332
860195
859783
859714
859632
858869
858811
858693
858653
858632
858616
858296
858179
857913
857791
857729
857373
857305
857276
857223
857130
856705
856572
856032
855842
855799
855348
855333
855285
854806
854720
854707
854359
853996
853793
853720
853670
853663
853484
853392
853281
852766
852578
852465
852178
852072
851352
851266
851028
850585
850550
850238
850192
849773
849758
849744
849326
849224
849120
849102
848517
847950
847877
847584
847419
847404
847327
847308
846886
846672
846414
846334
846201
846126
845812
845448
845430
845254
845235
845082
844836
844563
844460
844307
844108
843995
843954
843768
843600
843496
843306
842804
842773
842723
842701
842649
842601
842547
842502
842073
841884
841681
841207
840996
840807
840680
840675
840656
840403
840336
840217
840055
840039
839990
839905
839846
839275
839189
838831
838768
838295
838273
838192
838162
838127
838040
837262
837248
837235
837147
836601
836528
836468
836250
836108
835974
835806
835761
835581
835289
835127
835013
834450
834372
834167
834138
833431
832862
832783
832622
832565
832449
831793
831634
830938
830600
830212
830051
829989
829984
829234
829110
828936
828782
828763
828423
828216
827811
827746
827626
827553
827159
826997
826997
826936
826758
826721
826666
826482
826470
825783
825761
825676
825039
824892
824665
824141
823999
823932
823800
823636
823384
823050
822601
821520
821239
821210
821189
821017
820922
820899
820841
820831
820641
820416
820217
820064
820002
819340
819324
819301
819247
819145
819120
819105
819015
818962
818949
818788
818117
817805
817710
817513
817486
817306
816708
816200
816127
815881
815853
815155
814269
814162
813800
813530
813375
813329
813003
812953
812911
812806
812709
812629
812324
812301
811993
811575
811375
810644
810636
810369
810069
810047
809968
809907
809775
809765
809475
809412
809395
808886
808522
808420
808178
807989
807682
807278
807191
807115
806929
806168
805790
805139
805116
804991
804933
804660
804577
804003
803434
803273
803115
802501
802477
802462
802395
802326
802254
802082
801811
801748
801651
801475
801374
801022
800686
800640
800547
800517
799154
798804
798431
798258
798100
798087
797940
797868
796973
796895
796796
796738
796674
796507
796469
796015
795838
795574
795411
795351
795251
794893
794834
794738
794565
794443
794059
793917
793829
793571
793557
793469
792905
792515
791984
791977
791912
791857
791307
791253
791022
790924
790529
790465
790074
789844
789668
789625
789064
788835
788588
788321
788077
787900
787579
787551
787449
787436
787250
787083
786868
786789
786653
786551
786319
786022
785691
785377
785163
784808
784777
784706
784613
784475
784216
783979
783953
783690
783104
783052
782825
782743
782511
782000
781946
781879
781594
781485
781427
781356
781335
780924
780141
780028
779838
779830
779568
779523
779214
778536
777272
777108
776965
776427
776226
776150
776042
776015
776006
775732
775192
775061
774782
774649
774633
774474
774196
773996
772851
772633
772511
772111
771981
771913
771669
771336
771318
771251
771049
770941
770736
770599
770377
770185
769989
769934
769883
769813
768876
768778
768460
768459
768432
768318
768235
767891
767657
767487
767005
766954
766576
766292
765982
765513
765228
765228
764794
764789
764482
764136
764011
763915
763848
763748
763624
763609
763447
763445
763016
762675
762204
762192
762063
761939
761902
761794
761514
760900
760197
760162
760104
759319
759311
759275
759150
758854
758680
758281
758147
757896
757288
757054
756801
755218
754870
754844
754815
754391
754095
753951
753691
753191
753112
753026
752824
752745
752592
752552
751966
751961
751385
751285
751190
750796
750660
750520
750481
750314
750132
750129
750102
749662
749594
749591
749484
749484
749018
748978
748710
748600
748510
748254
748208
747883
747691
747565
747550
747230
746406
746326
746256
746108
745997
745676
745668
745543
745194
745127
744867
744437
744072
743953
743925
743859
743467
743364
743312
742956
742898
742706
742639
742616
742474
742370
742344
742228
742108
741995
741878
741758
741733
741639
741573
741438
741234
741217
741147
740861
740610
740601
740572
740473
740234
740210
739987
739952
739933
739619
739328
739202
739164
738754
738575
738512
738479
738423
738239
738153
737836
737568
737322
737179
736933
736864
736798
736387
735521
735483
735358
735310
735098
734978
734936
734852
734158
733906
733630
733608
733488
733326
733087
732812
732251
731744
731731
731670
731190
731158
730905
730760
730729
730526
729931
729902
729715
729704
729690
729569
729518
729394
729308
728839
728680
728622
728271
727915
727521
727485
727392
727381
726540
726074
726026
725595
725528
725479
725477
725425
725216
725120
724996
724747
724550
724422
723950
723926
723043
722911
722447
722248
721885
721755
721431
720958
720591
720434
719749
719470
719085
718941
718698
718655
718555
718471
718443
718221
718053
717931
717825
717255
717193
717078
717053
717015
716914
716830
716708
716455
716428
716314
716084
716033
716017
715821
715500
715444
715249
715218
715023
714748
714748
714007
713797
713717
713664
713628
713571
713487
713463
713436
713364
713277
712906
712902
712455
712369
712046
711909
711790
711559
711322
710933
710690
710549
710235
710147
709823
709728
709720
709539
709227
708869
708634
708233
708087
707799
707299
707281
705615
705359
705242
705039
705016
704676
704528
704303
704209
704014
703981
703854
703560
703317
703244
703094
702938
702825
702573
702470
702446
702105
701880
701693
701605
701164
701111
700770
700765
700705
700564
700322
700017
699790
699692
699157
698504
698380
698050
697788
697635
697592
697524
697321
696759
696724
696265
696022
695610
695544
695438
695098
695034
695000
694975
694943
694404
694270
693708
693601
693414
693385
693269
693172
692812
692429
692202
691906
691784
691715
691639
691565
691494
691416
690015
690000
689971
689944
689436
689283
689139
688463
688168
688042
687755
687130
687038
686410
686300
685961
685800
685609
685578
685450
685436
685393
685062
685042
685012
684968
684894
684525
684484
684466
684141
684123
683647
683449
683261
682786
682661
682558
682436
682185
681986
681844
681241
680885
680846
680717
680638
680612
680555
680191
680096
679935
679898
679407
678937
678780
678628
678544
678499
678416
678233
678102
677806
677613
677555
677346
677297
677239
677142
676752
676606
676515
676492
676411
676360
676352
676151
675653
675615
675281
675217
674738
674737
674508
674476
674382
674072
674063
674010
673996
673838
673782
673599
673335
673176
673042
673011
672998
672944
672921
672684
672617
672609
672459
672117
671990
671834
671782
671588
671551
671465
671376
670728
670676
670658
670577
670297
670129
669865
669552
669541
669207
669119
668959
668361
668150
667950
667903
667881
667863
667768
667750
667679
667560
667268
666710
666252
666248
665808
665487
665341
665003
664757
664723
664535
664242
664139
663966
663860
663759
663606
663254
663252
662509
662455
662451
662430
662358
662352
662095
662025
661775
661446
661310
661249
661204
661070
661035
660910
660394
659848
659755
659678
659503
659469
658820
658762
658656
658503
658464
658451
658214
658198
658127
658114
657944
657940
657919
657836
657552
657327
657219
657077
656956
656806
656648
656456
656106
655866
655562
655337
654873
654735
654690
654667
654470
654353
653695
653556
653322
653242
652941
652779
652696
652472
652138
651755
651545
650860
650189
650103
649915
649914
648588
648521
648359
648208
648062
647883
647318
647270
646935
646807
646616
646080
645685
645088
645068
644983
644948
644892
644737
644577
644051
644033
643809
643756
643573
643450
643377
643216
642797
642696
642669
642198
642032
641934
641845
641795
641541
641439
641348
641132
640997
640864
640763
640748
640326
640311
640053
639982
639445
639397
639258
639012
638874
638772
638127
638046
637846
637743
637692
637467
637457
637083
637050
636865
636548
636319
636031
635957
635917
635797
635668
635550
635550
635536
635520
635168
635151
634839
634783
634690
634556
634513
634328
633973
633935
633866
633799
633792
633653
633297
633265
632965
632924
632787
632722
632403
632136
631894
631743
631604
631432
631361
631057
630929
630871
630215
629754
629399
629322
629297
629214
629156
628894
628807
628591
628543
628487
628442
628416
628288
627883
627828
627472
627236
627154
626804
626651
626482
626407
626271
625922
625781
625443
625094
624760
624685
624586
624521
624367
624249
624128
623843
623766
623642
623208
623190
623123
623008
622861
622643
621862
621159
621104
621007
620490
620183
620143
619991
619852
619796
619779
619419
619288
619027
618706
618463
618091
618022
617847
617782
617534
617426
617280
617257
617223
617102
616726
616407
616002
615324
615285
615157
615128
615052
614850
614487
614444
614126
613932
613680
613658
613482
613456
613284
613150
612954
612885
612872
612477
612199
612141
612066
611691
611454
611353
611333
611123
611093
610431
610405
610374
609935
609908
609613
609330
608941
608899
608838
608816
608802
608644
608570
608371
607985
607516
607444
607414
607378
607370
607027
606973
606970
606689
606610
606463
606435
606230
606163
605371
605322
605191
604843
604542
604043
603813
603302
603274
602765
601758
601754
600949
600765
600764
600625
600616
600369
600260
600237
600062
599208
599183
598206
598095
597814
597712
597423
597182
597139
597126
597029
596196
596011
595974
595724
595709
595693
595520
595468
595367
595347
595172
594954
594737
594420
594316
594279
593897
593758
593366
593147
593012
592805
592533
592234
592088
591524
591409
591280
591039
591031
590741
590721
590711
590555
590536
590445
590222
590150
589750
589569
589207
589040
589016
588738
588467
588345
588295
588258
588219
588206
588106
587900
587839
587806
587575
587430
587290
586987
586220
586028
585937
585673
585627
585584
585513
585347
585005
584788
584633
584617
583972
583931
583673
583466
583425
583386
583239
583181
583149
583118
583109
582899
582824
582796
582658
582600
582116
582071
581914
581625
581404
581353
581282
581189
581116
580856
580791
580629
580452
580368
579413
579268
579006
578920
578732
578336
578193
578089
578044
578011
577747
577219
576910
576680
576626
576623
576339
575936
575814
575695
575553
575433
575411
575238
575140
574859
574482
574370
574360
574348
573967
573645
573237
572912
572730
572600
572596
572358
572170
572150
571770
571018
570920
570804
570495
570389
570384
570271
570156
570114
570084
569954
569870
569535
569344
569320
568865
567877
567742
567410
567379
567185
567003
566855
566744
566690
566674
566615
566612
566578
566555
566059
565705
565516
565451
565263
565024
565007
564816
564693
564523
564488
564488
564437
564330
564272
564251
563882
563881
563824
563810
563725
562939
562734
562294
561720
561716
561702
561515
561387
561321
561207
561195
560856
560079
559864
558973
558933
558583
557881
557847
557821
557819
557813
557798
557624
557445
557422
557200
557037
556955
556110
556017
555946
555785
555709
555445
555302
555166
555113
554823
554338
553876
553813
553714
553575
553544
553509
553338
553196
553057
552625
552454
552182
551985
551886
551712
551521
551388
551286
551237
551167
551159
550773
550372
549693
549587
549562
549465
549202
549120
549019
549013
549004
548678
548672
548460
548356
548178
547193
546676
546413
545840
545686
544685
544324
544139
543757
543672
543525
543488
543312
543295
542461
542407
542170
541926
541768
541260
540959
540914
540904
540612
540503
540447
540411
540263
539971
539829
539633
539007
538830
538551
538364
538188
537773
537751
537551
537287
536723
536623
536377
536293
536181
535965
535733
535626
535571
535565
535513
535465
535218
535148
534880
534852
534528
534499
534466
534360
534055
534054
533990
533875
533794
533162
532930
532664
532153
532053
531924
531866
531818
531358
531122
530927
530925
530683
530641
530605
529855
529665
529419
529079
528963
528932
528711
528131
527972
527935
527904
527878
527648
527542
527121
526988
526973
526802
526355
526249
526128
526128
525993
525870
525335
524997
524982
524538
524431
524253
524086
523994
523786
523756
523718
523643
523578
523429
522428
522290
522084
521569
521349
521307
520827
520501
520213
520132
519462
518866
517675
517619
517575
517532
517430
517403
517214
516982
516426
516409
516360
516325
516184
516104
516060
515993
515735
515377
515213
514957
514157
514146
513887
513478
513350
513219
513201
513193
513166
513086
512672
512494
512259
512245
512233
512112
512018
511984
511683
511560
511554
511502
511350
511056
510917
510287
510033
509940
509680
509680
509512
509430
509022
508881
508805
508569
508135
507982
507604
507121
506870
506826
506725
506563
506553
506510
506479
506442
506351
506174
506015
505890
505592
505572
505435
504963
504824
504604
504268
504258
504248
504162
503919
503867
503649
503359
503353
503099
503054
502888
502561
502495
502217
501868
501860
501723
501656
501339
501150
501061
501044
500959
500636
500464
499866
499696
499462
499398
499311
498851
498813
498694
498388
498186
497496
497088
496973
496755
496648
495964
495706
495570
495416
495086
495074
494964
494337
494335
493959
493868
493813
493447
493311
493193
493098
493005
492941
492468
492067
491939
491773
491517
491437
491400
490935
490888
490797
490742
490535
490530
490520
490408
490148
489991
489853
489536
489018
488972
488644
488640
488521
488518
488054
487674
487460
487074
486731
486592
486486
486379
486229
486011
485844
485709
485649
485567
484672
484519
484227
484215
484208
483816
483742
483696
483456
483055
482482
482460
482138
482076
481971
481940
481907
481859
481828
481327
481287
480997
480888
480519
480484
479778
479670
479630
479475
479039
478941
478831
478648
478250
478214
477992
477972
477867
477380
476563
476267
475992
475972
475929
475726
475679
475678
475023
474909
474602
474294
473993
473781
473385
472753
472174
471911
471876
471731
471448
471444
471344
470212
469983
469472
469315
469104
469083
469019
468845
468528
468303
468228
467938
467570
466761
466362
466111
466106
466021
465856
465801
465708
465668
465536
465434
465348
465339
465170
465077
464813
464795
464513
463624
462696
462604
462596
462534
462456
462132
461721
461569
461424
461319
461126
460782
460576
459941
459860
459472
459319
459304
459282
459140
458936
458634
458483
458238
458025
457925
457789
457787
457773
457756
457366
457363
457149
457080
456969
456780
456469
455907
455698
455549
455490
455256
455190
455037
454797
454555
454263
454194
453054
452429
452312
452305
451841
451667
451343
451128
450750
450714
450550
450547
450381
449231
449186
448999
448817
448088
447603
447043
446494
445938
445773
445692
445530
445399
444596
444136
444053
444010
443354
443303
442835
442539
442411
442112
441951
441607
441604
441368
441056
441009
440978
440448
440310
440281
440239
439848
439590
439428
439139
438791
438782
438654
438348
438188
438183
438151
437519
437282
437267
437159
436667
436480
436422
436420
436209
436191
436122
435988
435470
435370
435239
434943
434837
434577
434238
433934
433885
433883
433776
433667
433612
433578
433330
433085
433084
433035
433028
432956
432893
432806
432540
432449
432386
432250
431982
431975
431474
431269
431221
431181
431022
430913
430729
430265
430228
430101
430055
429830
429390
429388
429014
428999
428821
428818
428698
428470
428445
427820
427220
427193
427050
426879
426585
426483
426281
425675
425359
425292
425227
425216
425215
425108
424940
424586
424582
424566
424403
424321
424262
424221
424094
424092
423897
423443
422980
422837
422769
422622
422403
422063
421971
421887
421715
421652
421560
421009
420943
420849
420786
420738
420337
420258
420221
419857
419832
419623
419569
419516
419303
419294
419224
419146
418474
418409
418050
417888
417418
417327
416478
416339
416275
415947
415745
415662
415638
415499
415240
415232
415062
414825
414562
414555
414411
414342
414214
413648
412933
412900
412229
412212
412006
411995
411805
411685
411609
411305
410395
410102
410009
409858
409815
409683
409401
409311
408059
408041
408005
407621
407584
407525
407325
407203
406781
406684
405519
405468
405404
405155
404790
404566
404519
404443
404406
403803
403783
403755
403718
403697
403512
403502
402830
402742
402461
402441
402319
402226
402108
402080
401309
401140
401036
400849
400821
400160
400132
399908
399691
399688
399180
398693
398624
398364
398025
397842
397721
397492
396948
396836
396565
396246
396232
396184
395204
395050
395041
394856
394750
394619
394420
394305
394220
394195
394142
393738
393531
393344
393285
393126
392939
392336
392156
391964
391951
391584
391529
391527
391268
391104
390798
390676
390606
390537
390518
390361
389645
389584
389480
389360
389353
389147
389073
389011
388548
388422
388268
387429
386538
386443
386257
386183
386101
385978
385681
385290
384939
384846
384722
384376
384250
383350
383244
382980
382966
382081
381695
381191
381183
381143
381117
380996
380920
380789
380383
380376
380318
379891
379502
379401
379284
379270
378999
378997
378876
378783
378475
378417
378415
378248
378145
378100
377977
377920
377865
377621
377510
377247
377102
376586
376524
376419
376368
376351
375168
375115
374989
374443
374401
374274
374169
373969
373841
373745
373731
373728
373657
373645
373555
373432
373161
373120
372866
372462
372418
372240
372235
372157
372012
371890
371883
371555
371044
370959
370935
370629
370162
369834
369699
369642
369395
369042
368754
368722
367937
367883
367879
367726
367663
367602
367564
367366
367201
366889
366659
366378
365859
365817
365607
365472
365438
364853
364704
364388
364386
363916
363849
363612
363598
363488
363314
363063
362963
362900
362886
361515
361290
361179
360926
360891
360881
360803
360681
360544
360262
360260
360080
359804
359728
359673
359456
359322
358948
358856
358755
358743
358742
358219
357925
357386
356508
356254
355975
355889
355799
355639
355637
355612
355602
355261
355225
355128
354447
354205
353763
353748
353687
353301
353235
353143
353094
352869
352725
352630
352334
352327
352115
351989
351560
351473
351280
351137
351131
350617
350384
350362
350330
350171
350094
349985
349654
349355
349280
349210
349144
348833
348585
347985
347732
347357
347344
347325
347229
347091
347062
347017
346870
346850
346623
346391
346172
345875
345683
345571
345562
345241
345234
345199
344850
344630
344327
344312
344001
343889
343760
343651
343172
342702
342645
342628
342610
342305
342241
342221
341834
341820
341036
340775
340593
340539
340255
340176
339287
339109
338767
338384
338261
337918
337906
337578
337508
337413
337083
337004
336814
336769
336591
336431
336387
336166
336157
335898
335827
335758
335608
335426
335296
334851
334816
334554
334384
334214
333823
333751
333718
333678
333317
333174
333042
332641
332091
331676
331272
330770
330738
330570
330300
330210
330196
329425
329200
329005
328905
328856
328828
328728
328609
328403
328116
328111
328054
327742
327363
326948
326905
326788
326781
326537
326361
325872
325816
325641
325563
325271
325266
325086
324799
324426
324411
324331
324231
324168
324163
323492
322863
322738
322202
322177
322161
321979
321827
321403
319670
318850
318789
318636
318634
318469
318398
318025
317917
317870
317815
317569
317445
317275
316899
316372
316282
315939
315821
315751
315473
315275
314907
314865
314693
314465
314355
314134
313961
313818
313712
313666
313173
313143
313021
313019
312876
312721
312610
312169
312118
311965
311907
311551
311377
311181
310966
310797
310643
310622
310521
310284
309989
309967
309465
309269
309080
309033
308860
308735
308698
308510
308422
308402
307669
307333
307002
306937
306567
306149
306135
306133
305924
305814
305613
305274
304828
304765
304625
304140
304089
303417
303320
303213
302735
302682
301774
301728
301727
301020
300856
300847
300820
300640
300557
300116
299932
299682
299582
299168
299117
298910
298844
298496
298186
297820
297816
296952
296941
296700
296662
296342
296183
296144
295996
295664
295631
295529
294952
294615
294596
294229
294095
293925
293875
293826
293753
293347
293174
293037
292765
292641
292514
292375
292360
292250
292233
291456
291382
291363
291291
291120
290792
290593
290478
290050
289706
289376
289146
288439
288362
288282
287840
287630
287576
287559
287207
287180
287133
286475
286140
285612
285526
284260
283606
283397
283378
283295
283257
282954
282633
282425
282362
281857
281522
281452
281210
281205
280887
280766
280535
280485
280354
280335
280250
280230
280069
280066
279956
279756
279707
279482
279435
279373
278817
278690
278158
277678
277401
277398
277067
277021
276950
276880
276513
276114
275929
275658
275556
275391
275376
275275
275078
274754
274408
274340
274164
274124
273831
273720
272387
272197
272032
272024
271986
271843
271501
271060
271003
270942
270785
270559
270530
270418
269887
269684
269226
269041
268483
268404
268161
268057
268044
268008
267997
267994
267723
267663
267515
266996
266957
266891
266544
266496
266457
266003
265843
265836
265827
265390
265369
264922
264894
264597
264504
264063
264045
263991
263990
263691
263484
263221
263104
262972
262916
262709
262692
262524
262331
261956
261780
261748
261692
261630
261585
261549
261502
261419
261189
261110
260548
260533
260391
260013
259730
259646
259166
259023
258847
258710
258664
258081
258016
257873
257714
257623
257594
257430
257167
257042
257013
256851
256672
256565
256365
256181
256176
255568
255471
255373
255179
254912
254910
254883
254865
254635
254572
254190
253831
253411
253143
252900
252810
252804
252292
252215
251427
250584
250293
249884
249534
249516
249274
249049
248869
248510
248115
247912
247832
247573
247549
246991
246968
246945
246807
246685
246628
246586
246294
246244
245849
245545
245506
245350
245269
245043
244589
244570
244306
244242
244109
244107
244089
244017
243847
243729
243590
243407
243233
242847
242341
242081
242061
241561
241260
240999
240790
240695
240438
240407
240368
240354
240165
240053
239776
239559
239549
239057
238758
238736
238290
238251
237773
237508
236894
236020
235423
235359
235357
235294
235200
235111
234839
234731
233254
232904
232852
232849
232312
232130
232026
231766
231681
231585
231341
231235
230918
230870
230559
230360
230298
230298
229512
229116
228960
228928
228705
228656
228006
227670
227232
226552
226406
226099
226050
226008
225967
225936
225441
224665
224597
224351
224033
223946
223552
223496
223429
223030
222706
222675
222641
222317
222312
222308
222296
222051
221989
221962
221931
221882
221689
221602
221170
221068
220266
220214
220138
219742
219419
219131
218276
218258
218248
218125
217991
217652
217646
217553
217383
216837
216826
216371
216043
216041
215950
215774
215515
215092
215013
214722
214364
214332
214267
214077
214058
213672
213615
213217
212925
212818
212677
212614
212478
211040
210905
210446
210111
209754
209742
209708
209491
209245
209182
209133
208845
208558
208390
208242
208024
207779
207731
207468
207457
207117
206980
206967
206856
206829
206351
206299
206135
205667
205417
205199
204842
204788
204755
204020
203911
203384
203368
203340
203322
202805
202801
202735
202393
202307
201803
201795
201714
201691
201410
201009
199979
199960
199832
199427
199399
199374
199139
199018
198700
198498
198479
198431
198306
198237
197967
197801
197774
197628
197624
197069
197051
196968
196882
196528
196325
196219
196141
195947
195586
195434
195188
195087
194895
194813
194463
194401
194065
193870
193836
193738
193510
193404
193199
193193
193116
192934
191970
191946
191771
191382
191267
191242
191155
190724
190681
190372
190281
190244
190153
190049
189909
189799
189695
189662
189588
189462
189383
189146
189126
188944
188751
188687
188023
187963
187296
187259
187238
187030
187012
186814
186562
186498
186377
185727
185154
184956
184668
184403
184245
184233
183930
183704
183594
183541
183534
183232
183114
182783
182424
182208
182051
181991
181965
181445
181438
181365
181333
181219
180557
180331
180050
179872
179725
179646
179634
179503
179317
179175
178879
178612
178287
177780
177467
177209
176828
176695
176655
176518
176305
175953
175611
175576
174865
174832
174329
174311
174173
173843
173816
173782
173718
173714
172852
172820
172573
172509
172489
171965
171790
171624
171430
171386
171291
170630
170544
170496
170060
170004
169889
168562
168559
168396
168265
168182
167672
166737
166618
166541
166467
166438
166409
166308
165848
165706
165403
165031
164427
164359
164311
164052
163817
163786
163491
163471
163447
162921
162574
162494
162494
162134
162074
161848
161758
160748
160739
160546
160250
160054
159983
159967
159958
159736
159326
159122
158537
158421
158407
158034
157949
157938
157835
157793
157576
157575
157392
157345
157334
157016
156874
156782
156454
156228
156191
156172
156140
155980
155590
155292
155038
154902
154615
154325
154214
154083
154064
154036
154008
153945
153396
153211
152986
152702
152500
152430
152076
152046
152042
152033
151677
151514
151370
151321
151180
151077
151022
150847
150334
150010
149999
149887
149723
149445
149393
148787
148758
148709
148058
147842
147763
147369
147266
147261
147261
146719
146633
146292
146260
146219
146178
146018
145734
145147
145061
144917
144661
144654
144617
143410
143132
143032
142928
142889
142554
142532
142071
141946
141561
141537
141368
141268
141178
140856
140701
140472
140447
140155
140041
139947
139615
139542
139508
139410
139120
139038
138822
138820
138663
138642
138469
138142
137942
137814
136837
136634
136619
136599
136588
136525
136378
136141
135778
135491
135453
135286
135115
135115
134892
134821
134640
133966
133864
133853
133702
133683
133577
133495
133428
132675
132382
132062
131626
131482
131324
131229
131126
131029
130599
130518
130376
129906
129592
129093
128775
128751
128685
128477
128371
128285
128240
128000
127853
127666
127249
127156
127131
126871
126565
126530
126478
125754
125746
125737
125624
125091
124389
124261
124177
124123
123974
123898
123886
123369
123153
122892
122777
122656
122352
122277
121753
121747
121272
121258
121178
120851
120807
120751
120434
120330
120236
119959
119670
119582
119461
119266
118952
118876
118187
117868
117844
117491
117061
116921
116896
116768
116278
116189
115930
115745
115500
115492
115265
115176
115126
115026
115016
114834
114792
114773
114545
114446
114444
114370
114153
114005
113466
113214
112591
112347
112259
112061
111931
111883
111367
111230
110744
110636
110362
109986
109574
109511
109347
109084
108980
108711
108631
108519
108481
108295
108160
107973
107859
107706
107435
106851
106790
106709
106190
106177
105926
105626
105232
105144
105105
104720
104665
104598
103876
103506
103360
103221
102890
102430
102006
101463
101418
101282
101233
101153
101095
100908
100666
100546
100191
100174
99522
99357
99312
99213
98943
98746
98673
98231
98158
98101
98052
97839
97762
97696
97682
97656
97548
97274
97181
96523
96006
95898
95842
95340
95159
95074
95058
94597
94006
93967
93911
93789
93667
93352
93239
93013
92477
92455
92441
91638
91623
91582
91567
91505
91471
91221
91060
91016
90511
90360
90066
89999
89686
89641
89640
89541
89020
88948
88869
88627
88442
88190
87850
87616
87581
87274
87093
86985
86947
86483
86397
86258
86216
85751
85683
85613
84577
84184
83928
83879
83702
83614
83038
82820
82764
82614
82284
82149
82016
81485
80962
80779
80425
80408
80332
80133
79742
79651
78833
78784
78535
78464
78160
77945
77897
77758
77463
77262
76472
76336
76281
76217
76125
76014
75783
75710
75649
75430
75302
75053
75037
74969
74793
74591
74349
74167
74110
73966
73937
73741
73430
73308
73291
73074
72954
72293
71995
71855
71714
71618
71366
71287
71234
71163
70736
70267
69428
69293
68841
68294
68018
67454
67256
67230
67188
67022
66948
66927
66414
65814
65740
65620
65113
64951
64399
64235
63757
63688
63523
63258
63028
62429
62386
62372
62206
62194
61323
61258
60819
60775
60546
60379
60334
60050
59952
59900
59759
59615
59511
59001
58532
58493
58445
58326
58049
57415
57401
57348
57172
56941
56657
56373
56330
56288
56227
55746
55537
55439
55403
55380
55155
55044
55009
54986
54817
54396
54383
54306
54273
54257
54175
53998
53924
53870
53524
53256
52915
52674
52582
51743
51727
51198
51107
50647
50534
50346
50173
50040
49976
49794
49767
49670
49476
49437
49249
49002
48403
48251
48168
47748
47638
47504
47350
47280
46912
46755
46542
46302
45916
45700
45150
44942
44791
44707
44698
44508
44381
44346
44244
44200
43957
43745
43556
43529
43517
43358
43268
42812
42508
42408
42376
42348
42249
41706
41480
41396
41218
40186
40060
39530
39162
39133
38907
38848
38811
38769
38679
38642
38343
38313
38001
37958
37303
37167
37065
37056
36977
36901
36740
36732
36171
36114
35952
35638
35464
35246
35080
34878
34794
34426
34248
34017
33950
33897
33702
33484
33000
32944
32909
32305
32189
32005
31906
31898
31730
31712
31669
31625
31561
31328
31307
31133
30871
30604
30540
30534
30465
30340
30337
30151
29988
29967
29883
29808
29695
29634
29632
29061
29017
28335
28226
28211
27664
27655
27618
27449
26931
26415
26315
26116
25968
25850
25771
25559
25143
24931
24841
24772
24746
24580
24576
24405
24156
24011
23843
23709
23223
23057
21882
21531
21384
21060
20941
20742
20716
20528
20404
19954
19758
19725
19509
19167
19087
18955
18947
18931
18908
18835
18773
18704
18466
18283
18220
18086
18069
17924
17699
17439
17226
17195
17050
16951
16393
16303
16102
15983
15873
15433
15204
15177
15161
15146
15138
15071
15053
14839
14751
14665
14553
14394
14358
13858
13619
13569
13564
13510
13292
13255
13139
13085
12988
12916
12762
12389
12353
11627
11220
10734
10608
10533
10420
10416
10168
9931
9857
9673
9522
9497
8802
8551
8271
8217
7446
7363
7346
7245
7193
6974
6970
6886
6676
6470
6073
5987
5761
5609
5418
5320
4932
4404
4403
4053
3897
3609
2979
2768
2709
2554
2001
1891
1371
1308
808
523
379
296
273
183
-270
-311
-769
-1404
-1717
-2007
-2103
-2307
-2882
-3389
-3513
-3625
-3907
-3997
-4096
-4283
-4319
-4376
-4700
-4819
-4877
-4898
-4971
-5228
-5416
-5949
-5965
-6158
-6229
-6620
-6968
-7115
-7720
-8135
-8322
-8572
-8620
-8658
-8763
-8771
-8870
-9164
-9268
-9295
-9941
-9982
-10529
-10586
-10610
-11325
-11427
-11664
-11739
-11749
-11983
-12002
-12295
-12486
-12602
-12713
-12763
-12863
-13463
-13590
-13809
-13820
-13840
-14471
-14486
-14582
-15238
-15608
-15813
-15931
-16019
-16045
-16113
-16825
-16998
-17186
-17271
-17353
-17429
-17589
-18079
-18308
-18408
-18462
-18646
-18652
-18739
-19313
-19339
-20165
-20472
-20485
-20517
-20633
-21231
-21243
-21325
-21615
-21766
-21839
-21852
-21890
-22185
-22356
-22455
-22652
-22705
-22709
-23032
-23298
-23455
-23492
-23829
-23883
-23972
-24180
-24359
-24446
-24463
-24760
-25153
-25172
-25281
-25484
-25630
-25987
-26112
-26174
-26578
-27243
-27265
-27476
-27959
-28085
-28089
-28101
-28267
-28647
-28652
-28706
-29295
-29396
-29469
-29476
-29491
-29540
-29556
-29675
-29703
-29760
-29768
-29783
-29895
-30431
-31380
-31701
-31830
-32193
-32206
-32660
-33139
-33705
-33827
-34018
-34034
-34102
-34199
-34481
-34719
-34741
-34960
-35240
-35340
-35340
-35456
-35473
-35484
-35748
-35763
-36080
-36114
-36938
-36949
-37563
-37571
-37575
-37599
-38132
-38141
-38260
-38577
-38624
-38809
-39129
-39421
-39448
-39970
-39970
-40163
-40367
-40531
-40947
-41066
-41386
-41431
-41477
-41592
-41671
-42076
-42287
-42289
-42397
-42818
-43135
-43233
-43533
-43569
-43719
-43816
-44119
-44493
-44624
-44974
-45049
-45078
-45090
-45423
-45475
-45635
-45722
-45734
-45855
-46074
-46165
-46179
-46316
-46450
-46705
-47074
-47365
-47399
-47656
-47842
-48816
-49223
-49334
-49380
-49602
-49663
-49670
-50183
-50246
-50290
-50785
-50868
-50951
-51782
-52141
-52227
-52265
-52387
-52639
-52655
-52765
-53157
-53285
-53339
-53444
-53489
-53727
-53912
-54089
-54181
-54227
-54278
-54314
-54390
-54755
-54805
-55034
-55086
-55091
-55215
-55228
-55241
-55381
-55485
-55659
-56301
-56469
-56510
-56836
-57260
-57610
-57920
-58063
-58113
-58217
-58345
-58436
-58523
-58785
-58925
-59070
-59107
-59129
-59391
-59512
-59513
-60019
-60097
-60339
-60390
-60794
-60869
-61076
-61331
-61402
-61646
-61841
-61946
-62237
-62345
-62653
-63310
-63339
-63602
-64202
-64259
-64391
-64519
-64596
-64622
-64710
-64725
-64741
-64745
-64951
-65062
-65065
-65389
-65549
-65650
-65735
-65823
-66436
-66548
-66842
-66961
-67078
-67098
-67656
-67766
-68230
-68231
-68628
-68681
-68711
-69144
-69341
-69929
-69963
-70656
-70856
-71271
-71359
-71533
-71721
-71813
-72012
-72141
-72177
-72230
-72232
-72313
-72473
-72648
-72804
-73060
-73535
-74382
-74399
-74445
-74732
-74753
-74854
-74911
-75224
-75289
-75383
-75922
-76172
-76200
-77065
-77139
-77697
-78234
-78319
-78349
-78571
-79482
-79532
-79922
-80016
-80219
-80461
-80884
-80930
-81030
-81116
-81116
-81505
-82394
-82555
-82625
-82765
-82801
-82880
-83042
-83087
-83412
-83481
-83822
-83834
-84206
-84477
-84940
-85024
-85099
-85125
-85911
-86007
-86029
-86174
-87178
-87268
-87305
-87437
-88511
-88522
-88598
-88792
-89023
-89245
-89590
-89625
-90088
-90273
-90288
-90407
-90461
-90488
-90654
-90707
-90770
-90993
-91208
-91358
-91384
-91439
-91452
-91460
-91488
-91620
-91895
-91936
-91943
-91991
-92174
-92217
-92478
-92750
-92867
-93272
-93392
-93588
-93714
-94421
-94659
-94741
-95228
-95316
-95537
-96014
-96082
-96502
-96518
-96555
-96905
-97078
-97143
-97185
-97235
-97292
-97332
-97431
-97499
-97547
-97683
-97950
-98102
-98422
-98442
-98636
-98785
-98829
-98886
-98898
-99245
-99360
-99739
-99934
-99939
-99977
-100020
-100550
-100742
-101128
-101264
-101909
-101911
-101968
-102036
-102302
-102456
-102608
-102909
-102987
-103219
-103649
-104125
-104134
-104149
-104242
-104477
-104692
-104721
-104777
-104836
-105514
-105631
-105945
-106001
-106161
-106286
-106315
-106372
-106568
-106624
-106766
-107447
-107886
-108204
-108261
-108469
-108500
-108816
-108844
-109149
-109207
-109402
-110055
-110074
-110278
-110757
-110786
-110811
-111413
-111539
-111668
-111945
-112052
-112233
-112414
-112701
-113007
-113028
-113637
-113682
-113849
-113858
-114356
-114475
-114602
-114695
-114756
-115163
-115348
-115380
-115554
-115639
-115727
-115754
-115888
-115906
-116077
-116377
-116422
-116427
-116533
-116677
-117119
-117172
-117939
-117971
-118122
-118905
-119147
-119471
-119580
-119919
-119983
-120050
-120064
-120557
-120630
-120891
-121273
-121274
-121318
-121436
-121535
-121614
-121828
-122426
-122459
-123492
-123870
-124336
-124505
-124836
-124887
-124984
-125398
-125973
-125997
-126423
-126555
-126577
-126652
-126897
-127024
-127213
-127310
-127648
-127782
-127925
-128193
-128257
-128413
-128520
-128547
-128801
-128874
-128942
-128994
-129369
-129497
-129578
-129883
-129943
-130139
-131002
-131012
-131144
-131205
-131211
-131691
-131693
-131833
-131861
-132133
-132579
-132696
-132926
-133189
-133219
-133369
-133410
-133516
-133651
-133717
-133994
-134494
-134676
-134953
-135335
-135375
-135514
-135530
-135620
-135895
-135951
-136133
-136517
-136959
-137009
-137357
-137637
-137797
-137889
-137930
-137999
-138229
-138420
-138452
-138509
-138597
-139103
-139214
-139216
-139279
-139662
-139806
-139912
-140089
-140337
-140361
-140511
-141037
-141565
-141615
-141658
-142047
-142104
-142313
-142368
-142918
-143387
-143463
-143613
-143647
-143916
-143993
-144095
-144216
-144345
-144375
-144381
-144518
-144812
-144933
-145167
-145297
-145722
-145948
-145952
-146670
-146978
-147074
-147260
-147666
-147827
-148089
-148094
-148302
-148620
-148822
-148925
-149173
-149295
-149386
-149498
-149576
-149580
-149832
-150091
-150270
-150274
-150319
-150649
-150823
-150833
-150989
-151207
-151286
-151340
-151414
-151418
-151445
-151516
-151666
-152065
-152211
-152604
-153391
-153474
-153809
-154237
-154938
-155064
-155066
-155155
-155511
-155792
-157412
-157467
-157795
-157979
-158434
-158448
-158640
-158878
-159108
-159108
-159333
-159379
-159479
-160032
-160059
-160090
-160402
-160488
-160579
-160638
-160767
-161358
-161557
-161830
-162068
-162494
-163086
-163327
-163369
-163404
-163803
-164261
-164422
-164586
-164618
-164807
-164841
-165158
-165159
-165161
-165280
-165495
-165626
-165991
-166052
-166160
-166187
-166882
-167016
-167205
-167638
-167801
-168064
-168276
-168460
-168752
-169160
-169300
-170007
-170211
-170677
-171138
-171247
-171255
-171442
-171665
-171919
-172243
-172320
-172510
-172900
-172987
-172992
-173130
-173476
-173548
-173978
-173993
-174058
-174123
-174191
-174191
-174514
-174573
-174582
-175294
-175734
-175754
-175827
-175979
-176175
-176223
-176482
-176542
-176574
-177009
-177037
-177116
-177256
-177587
-178172
-178387
-178605
-178913
-179082
-179502
-179503
-179553
-179731
-180223
-180247
-180331
-180385
-180515
-181002
-181096
-181170
-181430
-182120
-182722
-182975
-183102
-183621
-183919
-183989
-184013
-184019
-184033
-184278
-184321
-184732
-185278
-185313
-185331
-185492
-185508
-185531
-185591
-185710
-186115
-186244
-186500
-186659
-186824
-187137
-187525
-187838
-187955
-188145
-188531
-189094
-189247
-189371
-189731
-190085
-190900
-190966
-191254
-191492
-191596
-191779
-191933
-192051
-192218
-192358
-192519
-193075
-193087
-193138
-193205
-193373
-193558
-194117
-194401
-194762
-194829
-194977
-195095
-195476
-195485
-195646
-195683
-196056
-196321
-196326
-196343
-196695
-196834
-197099
-197341
-197378
-197438
-198117
-198616
-199058
-199153
-199333
-199499
-199516
-199982
-200123
-200240
-200282
-200415
-200431
-201055
-201105
-201269
-202116
-202125
-202461
-202732
-202841
-202873
-203345
-203407
-203479
-203538
-203546
-203702
-204070
-204200
-204208
-204672
-204679
-205333
-205513
-205668
-205903
-206156
-206503
-207069
-207224
-207275
-207428
-207439
-207520
-207681
-207728
-208014
-208237
-208292
-208544
-208661
-208853
-209384
-210118
-210152
-210154
-210227
-210461
-210520
-210566
-210597
-210645
-210749
-210952
-211154
-211199
-211511
-211701
-211918
-211922
-212201
-212391
-212585
-213278
-213399
-213838
-213845
-214031
-214388
-214582
-214646
-214728
-214749
-214854
-214951
-215062
-215122
-215238
-215351
-215725
-215743
-215980
-216155
-216347
-216370
-216523
-216552
-216669
-216704
-217026
-217095
-217144
-217257
-217692
-217983
-218088
-218293
-218324
-218384
-218804
-218830
-218917
-219276
-219388
-219440
-219588
-219650
-219809
-219896
-220124
-220229
-220329
-220517
-220598
-220671
-220826
-220844
-221245
-221271
-221334
-221380
-221832
-222053
-222435
-222521
-222653
-222714
-222987
-223005
-223121
-223130
-223174
-223510
-223810
-223860
-223945
-224576
-224583
-224756
-225010
-225082
-225234
-225319
-225362
-225506
-225963
-226924
-227501
-227566
-227744
-227921
-228162
-228173
-228530
-228777
-228789
-229171
-229313
-229493
-229812
-229966
-229974
-230043
-230082
-230133
-230374
-231008
-231256
-231270
-231421
-231534
-231574
-231638
-231702
-231826
-232056
-232155
-232462
-232614
-232829
-232865
-233074
-233273
-233521
-233717
-234058
-234208
-234682
-235307
-235618
-236247
-236323
-236365
-237170
-237222
-237417
-237614
-237734
-238398
-238613
-238803
-238891
-238943
-239098
-239242
-239473
-239806
-239831
-239884
-240112
-240365
-241013
-241737
-242136
-242645
-242736
-242747
-243531
-243667
-243849
-243968
-244084
-244122
-244157
-244218
-244259
-244454
-245314
-245437
-245607
-245623
-245705
-245735
-245775
-246140
-246203
-246328
-246392
-246529
-246557
-246841
-246997
-247080
-247292
-247362
-247425
-247639
-247644
-247666
-247802
-248097
-248309
-248311
-248931
-249233
-249301
-249379
-249738
-249743
-249907
-250474
-250998
-251001
-251160
-251167
-251225
-251492
-251764
-251937
-252130
-252180
-252457
-252739
-253039
-253399
-253448
-253986
-254069
-254195
-254498
-254573
-254715
-254836
-254876
-255282
-255624
-255767
-255844
-256035
-256306
-256439
-256455
-256577
-256641
-256790
-256860
-256942
-256964
-257078
-257180
-257227
-257263
-257363
-257491
-257514
-257542
-257756
-257888
-258246
-258310
-258491
-258514
-258786
-258924
-259150
-259283
-259296
-259315
-259468
-259760
-260331
-260782
-261071
-261333
-261341
-261388
-261524
-261781
-262221
-262651
-262770
-262856
-262890
-263057
-263070
-263381
-263398
-263492
-263664
-264000
-264046
-264378
-264437
-265072
-265287
-265845
-266055
-266302
-266477
-266855
-267032
-267154
-268022
-268086
-268157
-268955
-269155
-269276
-269304
-269394
-269413
-269645
-269718
-269939
-270043
-270563
-270583
-270586
-270608
-270634
-271163
-271307
-271357
-271357
-271433
-271572
-271611
-272091
-272280
-272419
-272513
-272553
-272877
-272890
-272892
-273014
-273422
-273485
-273680
-274280
-274356
-274372
-274949
-275071
-275238
-275324
-275740
-275993
-276177
-276275
-276478
-276611
-276731
-277293
-277417
-277418
-277625
-278026
-278059
-278095
-278206
-278213
-278219
-279924
-279978
-280109
-280258
-280442
-280660
-280830
-281017
-281155
-281467
-281478
-281603
-281680
-281848
-282007
-282089
-282221
-282238
-282291
-282470
-282552
-282571
-282925
-282931
-283243
-283388
-283518
-283755
-283856
-284083
-284321
-284613
-284697
-284811
-284811
-285121
-285253
-285725
-285752
-285871
-286000
-286217
-286493
-286685
-286703
-287019
-287056
-287187
-287349
-287608
-287957
-288058
-288168
-288266
-288711
-288868
-288965
-289022
-289334
-289447
-289687
-289941
-290030
-290784
-291140
-291331
-291490
-291845
-291854
-291993
-292569
-292651
-292678
-292853
-292940
-292941
-293056
-293414
-293428
-294041
-294310
-294313
-294487
-294568
-294874
-294979
-295310
-295311
-295601
-295628
-295675
-295729
-295936
-296058
-296080
-296246
-296251
-296485
-296732
-296908
-297061
-297161
-297918
-298274
-298394
-298532
-298580
-298897
-299278
-299279
-299469
-299679
-299852
-299858
-300083
-300517
-300604
-300713
-300751
-300824
-300896
-301006
-301040
-301131
-301410
-301672
-301701
-302016
-302361
-302385
-302449
-302730
-302971
-303278
-303638
-303739
-303851
-303933
-304038
-304135
-304457
-304489
-304536
-304684
-304739
-304915
-305024
-305071
-305147
-305179
-305377
-305504
-305808
-305913
-306298
-306387
-306697
-306721
-306881
-307077
-307540
-307788
-307882
-307927
-308084
-308184
-308963
-309233
-309246
-309535
-309705
-309818
-309862
-309896
-309971
-310066
-310133
-310159
-310623
-310808
-310827
-311030
-311551
-311677
-311937
-311944
-312098
-312336
-312746
-312834
-313463
-313490
-313630
-314356
-314406
-315199
-315353
-315616
-316077
-316222
-316346
-316400
-316763
-316940
-316975
-317120
-317500
-317723
-317738
-318179
-318217
-318251
-318444
-318533
-318782
-318900
-319213
-319349
-319431
-319602
-319606
-319746
-319755
-319871
-320493
-320578
-320620
-320753
-320769
-320916
-321056
-321561
-321624
-322112
-322215
-322592
-322942
-323350
-323525
-323540
-323595
-323622
-323748
-323768
-323801
-323826
-323901
-323932
-324841
-324922
-324966
-325026
-325220
-325275
-325550
-325948
-325954
-325970
-326070
-326167
-326652
-326952
-327076
-327655
-327690
-327889
-328312
-328397
-328550
-329245
-329282
-329467
-329541
-329633
-329748
-329757
-329880
-330265
-330363
-330720
-330994
-331198
-331286
-331561
-331664
-331921
-332326
-333048
-333461
-333679
-334066
-334092
-334178
-334197
-334221
-334323
-334656
-335333
-335444
-335583
-335685
-336272
-336441
-336844
-337357
-337460
-337934
-338098
-338272
-338377
-338482
-338488
-338591
-339086
-339235
-339238
-339828
-339865
-340057
-340138
-340211
-340421
-340761
-340796
-340887
-341535
-341678
-341714
-341906
-342275
-342404
-342593
-342758
-343156
-343175
-343448
-344023
-344118
-344685
-344819
-344855
-345812
-346053
-346204
-346239
-346306
-346378
-346685
-346780
-347013
-347358
-347406
-347929
-348028
-348487
-348504
-348893
-349037
-349106
-349246
-349336
-349423
-349643
-350184
-350536
-350847
-351088
-351517
-351944
-352051
-352162
-352347
-352355
-352388
-352822
-352977
-353008
-353125
-353212
-353307
-353388
-353452
-353894
-353899
-354320
-354436
-354502
-354697
-354859
-354899
-354929
-355332
-355665
-356415
-356468
-356819
-357042
-357152
-357180
-357306
-357320
-357638
-357704
-357974
-358070
-358493
-358565
-358845
-358926
-358950
-359146
-359245
-359504
-359510
-359570
-359582
-359710
-359774
-359825
-360059
-360370
-360433
-360601
-360917
-361019
-361545
-361703
-361734
-361940
-361998
-362324
-362449
-362482
-362524
-362563
-362617
-362673
-362757
-362915
-362953
-363255
-363256
-363883
-363899
-363957
-364196
-364259
-364508
-364522
-364649
-364855
-364992
-365316
-365702
-366006
-366317
-366777
-366988
-367189
-367626
-367670
-367960
-368471
-368765
-368780
-369273
-369385
-369533
-369720
-369770
-369784
-369825
-369950
-370476
-370486
-370617
-370803
-370878
-370906
-371102
-371313
-371514
-371805
-372048
-372383
-372404
-372486
-372745
-372765
-372807
-373187
-373232
-373254
-373266
-373984
-374279
-374416
-374477
-374645
-374773
-374976
-375110
-375468
-375586
-375806
-375834
-376099
-376408
-376728
-377005
-377200
-377607
-377825
-378054
-378113
-378276
-378563
-378568
-378623
-378972
-379413
-379533
-379551
-379635
-379716
-380077
-380220
-381609
-381775
-381796
-381916
-382154
-382262
-383063
-383071
-383557
-384259
-384358
-384995
-385145
-385450
-385584
-385628
-385919
-385970
-386296
-386568
-386578
-386610
-386757
-386988
-387286
-387622
-387859
-387895
-387997
-388045
-388214
-388378
-388542
-388696
-389874
-390196
-390264
-390599
-391149
-391337
-391691
-391820
-391876
-392062
-392586
-392946
-393287
-393421
-393536
-393643
-393737
-393743
-393776
-393994
-394036
-394051
-394074
-394576
-395034
-395128
-395365
-395402
-395440
-395911
-396124
-396333
-396555
-397925
-398039
-398058
-399059
-399212
-399514
-399801
-400066
-400139
-400179
-400306
-400336
-400563
-400649
-400748
-401004
-401037
-401112
-401211
-401258
-401318
-401581
-401645
-401675
-401984
-401998
-402286
-402321
-402684
-402952
-403051
-403431
-403758
-403821
-403919
-403923
-403943
-403951
-404385
-404487
-404646
-404756
-404757
-404762
-405015
-405136
-405271
-405290
-405485
-405498
-405529
-405692
-406175
-406381
-406437
-406526
-406917
-407026
-407043
-407223
-407233
-407261
-407285
-407561
-407629
-408224
-408317
-408381
-408771
-408791
-408999
-409015
-409102
-409353
-409641
-409823
-409868
-409939
-410676
-410748
-410832
-410864
-410927
-410990
-411115
-411398
-411605
-411832
-412095
-412509
-412632
-412709
-412815
-413287
-413524
-413766
-413867
-413949
-413960
-414165
-414535
-414646
-414700
-415196
-415446
-415480
-415529
-415757
-416003
-416936
-417100
-417186
-417315
-417510
-417567
-417626
-418546
-418687
-418694
-418755
-418973
-419504
-419530
-419598
-419808
-419955
-420246
-420328
-420415
-420787
-420812
-420832
-420930
-421131
-421251
-421358
-421572
-421716
-421726
-422409
-422421
-422616
-423303
-423374
-423923
-424014
-424055
-424142
-424453
-424504
-424654
-424730
-424852
-425012
-425085
-425554
-426082
-426089
-426299
-426465
-427015
-427016
-427054
-427277
-427561
-427723
-427901
-428453
-428966
-429051
-429195
-429429
-429463
-429518
-429562
-430201
-430306
-430377
-430393
-430395
-430634
-431114
-431375
-431385
-431629
-431767
-432387
-433144
-433301
-433327
-433375
-433396
-433450
-433489
-433632
-433672
-433834
-433896
-433975
-434161
-434206
-434211
-434325
-434384
-434527
-434626
-434722
-435322
-435777
-435900
-436076
-436399
-436568
-436735
-436762
-437211
-437214
-437497
-438034
-438107
-438489
-438518
-438693
-439026
-439572
-439683
-439878
-440505
-440925
-441357
-441705
-441972
-442220
-442320
-443002
-443193
-443486
-443499
-443520
-443990
-444059
-444125
-444132
-444287
-444922
-445072
-445652
-445749
-445781
-446206
-446241
-446307
-446414
-446427
-446597
-446883
-446914
-447175
-447244
-448161
-448744
-449350
-449424
-450119
-450120
-450131
-450634
-450649
-451153
-451231
-451363
-451452
-451495
-452296
-452886
-453238
-453312
-453626
-453669
-454100
-454280
-454317
-454339
-454722
-455183
-455221
-455490
-456163
-456172
-456298
-456898
-457258
-457449
-457486
-457566
-458267
-458581
-458718
-458940
-459018
-459284
-459302
-459874
-459937
-459942
-460014
-460148
-460578
-460682
-461580
-462017
-462028
-462110
-462374
-462397
-462424
-462732
-462832
-463047
-463088
-463202
-463384
-463395
-463395
-463398
-463662
-464006
-464129
-464135
-464518
-464685
-464901
-464908
-465202
-465206
-465638
-465719
-465753
-465757
-465859
-465872
-466381
-467136
-467276
-467799
-467893
-467905
-468181
-468280
-468295
-468387
-468611
-468835
-468932
-469350
-469474
-469733
-469735
-469768
-469775
-470018
-470301
-470762
-470874
-471416
-471457
-471543
-471605
-471941
-471956
-472082
-472136
-472240
-472256
-472264
-472753
-472842
-472899
-473074
-473386
-473807
-474135
-474234
-474653
-475099
-475310
-475444
-475584
-475762
-475826
-475940
-475951
-476030
-476032
-476327
-476548
-476755
-476852
-477067
-477619
-477963
-478295
-478321
-478395
-478512
-478811
-478840
-479254
-479418
-479635
-480012
-480092
-480403
-480469
-480650
-480752
-480759
-480944
-481086
-481123
-481392
-481555
-481800
-482137
-482199
-482249
-482495
-482665
-482736
-482874
-482888
-483125
-483139
-483674
-483840
-484823
-484946
-485528
-485741
-485937
-486058
-486151
-486177
-486292
-486411
-486725
-486791
-487076
-487170
-487452
-487551
-487800
-488000
-488627
-488858
-488881
-489109
-489201
-489280
-489633
-489877
-489983
-490263
-490605
-490645
-490991
-491000
-491143
-491169
-491535
-491607
-491623
-491780
-491870
-491995
-492075
-493607
-493620
-493683
-493900
-494137
-494227
-494235
-494738
-494963
-495002
-495100
-495175
-495295
-495605
-495666
-495854
-496001
-496137
-496739
-497038
-497050
-497456
-497459
-497576
-497762
-497996
-498286
-498300
-498419
-498550
-498554
-498768
-499281
-499446
-499448
-499706
-499783
-499879
-499998
-500039
-500326
-500649
-500821
-500838
-500874
-500997
-502378
-502549
-502560
-503129
-503533
-503765
-503915
-504158
-505627
-505724
-506265
-506497
-506521
-506864
-506869
-506873
-507162
-507233
-507291
-507810
-508204
-508467
-508863
-508922
-508932
-509082
-509483
-509528
-509620
-509699
-509788
-509864
-509953
-510212
-510533
-510557
-510619
-510714
-510998
-511110
-511214
-511476
-511517
-511655
-511865
-511940
-512298
-512329
-512358
-512721
-512754
-512780
-512800
-513105
-513170
-513232
-513272
-513597
-513682
-513757
-514103
-514142
-514476
-514564
-514649
-514850
-515011
-515090
-515103
-515780
-516358
-516365
-516442
-516530
-516561
-516604
-516611
-516708
-516745
-516992
-517203
-517330
-517462
-517481
-517769
-517837
-517853
-518232
-518632
-518741
-518869
-518986
-519018
-519182
-519487
-519734
-520241
-521058
-521212
-521239
-521648
-521940
-522060
-522062
-522348
-522612
-523280
-523472
-523759
-523855
-524086
-524132
-524908
-525033
-525048
-525290
-525305
-525416
-525593
-525689
-525714
-525826
-525968
-526088
-526182
-526243
-526917
-526946
-527318
-527325
-527328
-527861
-527975
-528352
-528536
-528746
-529135
-529314
-529444
-529472
-529488
-529645
-530039
-530176
-530407
-530937
-531382
-531858
-531904
-531978
-532070
-532070
-532170
-532230
-532342
-532458
-532522
-532652
-532717
-532864
-533183
-533233
-533301
-533374
-533562
-533835
-534151
-534183
-534706
-535098
-535279
-535552
-535592
-535921
-535938
-536062
-536430
-536468
-536776
-536782
-536879
-538034
-538263
-538740
-539117
-539354
-539569
-539726
-539943
-540038
-540182
-540338
-540387
-540821
-541102
-541400
-541461
-541683
-541939
-542066
-542196
-542359
-542550
-542625
-542671
-542769
-543501
-543632
-544088
-544191
-544354
-544378
-544441
-544669
-544901
-545143
-545154
-545496
-545888
-545981
-546000
-546141
-546247
-546541
-546557
-546824
-546837
-547141
-548642
-548721
-548830
-548881
-548892
-548927
-549206
-549548
-549589
-549783
-550037
-550386
-550459
-550570
-550698
-550941
-551341
-551439
-551738
-551947
-552055
-552153
-552155
-552278
-552595
-552698
-552873
-552925
-553078
-554034
-554047
-554077
-554096
-554171
-554324
-554571
-554873
-555265
-555312
-555466
-555638
-555829
-555989
-556066
-556386
-556605
-556700
-556726
-557089
-557398
-557464
-557704
-557982
-558030
-558362
-558367
-558655
-558820
-559161
-559198
-559526
-559778
-560063
-560545
-560675
-561744
-561816
-561990
-562530
-562737
-562978
-563006
-564093
-564371
-564465
-564539
-564548
-564728
-564923
-565023
-565044
-565064
-565250
-565515
-565612
-565725
-565830
-566399
-566784
-566851
-567157
-567257
-567374
-567445
-567576
-567920
-568130
-568300
-568604
-568624
-568865
-568907
-569148
-569223
-569368
-569397
-569407
-569408
-570041
-570560
-570628
-570656
-570983
-570995
-572143
-572195
-572288
-572366
-572373
-572457
-572471
-572574
-572613
-572678
-572756
-572816
-572829
-572957
-573124
-573282
-573427
-573590
-573704
-573741
-573848
-573903
-573937
-574030
-574556
-575194
-575206
-575302
-575698
-575787
-575917
-576669
-576794
-576928
-576981
-577137
-577187
-577507
-577583
-577863
-577927
-578677
-578738
-578967
-578978
-579133
-579456
-579514
-579625
-579747
-579776
-579998
-580743
-581320
-581415
-581554
-581778
-582167
-582234
-582395
-582563
-582841
-582859
-583804
-584497
-584566
-584597
-584687
-584754
-585138
-585627
-585773
-586486
-586713
-587131
-587272
-587372
-587781
-588171
-588594
-588675
-589020
-589315
-589385
-589580
-589960
-590192
-590246
-590283
-590681
-590826
-590941
-591115
-591156
-591224
-591232
-592083
-592122
-592203
-592280
-592460
-593068
-593448
-593760
-594029
-594216
-594289
-594313
-594518
-594549
-594754
-594766
-594834
-595295
-595694
-596099
-596339
-596410
-596720
-596894
-597045
-597230
-597372
-597983
-598249
-598265
-598431
-598443
-598454
-598643
-598662
-599002
-599117
-599300
-599403
-599410
-599834
-599931
-600037
-600140
-600482
-600701
-601023
-601090
-601399
-601707
-601728
-601801
-601853
-601959
-601972
-602103
-602159
-602277
-602763
-602827
-602861
-603092
-603162
-603264
-603767
-604836
-604930
-605019
-605367
-605662
-605790
-605945
-606064
-606145
-606306
-606314
-606789
-606929
-607274
-607629
-608050
-608218
-608485
-608547
-608673
-608827
-608953
-609250
-609440
-609549
-609761
-610032
-610606
-610835
-610924
-611021
-611096
-611319
-611732
-611780
-611839
-611840
-612539
-613079
-613129
-613155
-613176
-613661
-613787
-613942
-614181
-614260
-614366
-614640
-615004
-615103
-615516
-615680
-615741
-615923
-616008
-616180
-616273
-616323
-616397
-616575
-616665
-616748
-617087
-617115
-617163
-617400
-617430
-617609
-617669
-617968
-618084
-618163
-618388
-618452
-618939
-619284
-619777
-620005
-620160
-620235
-620520
-620546
-620577
-620621
-620770
-620937
-620962
-621208
-621310
-621731
-622295
-622501
-622623
-622969
-623178
-623220
-623680
-623974
-624035
-624070
-624363
-624713
-625370
-625710
-625918
-625991
-625995
-626172
-627016
-627241
-627257
-627505
-628006
-628010
-628223
-628500
-628571
-628816
-629204
-629420
-629464
-629558
-629592
-629731
-629847
-629910
-630479
-630580
-630797
-631234
-631243
-631309
-631385
-631488
-631731
-631733
-631968
-632183
-632315
-632365
-632370
-632709
-633690
-634489
-634695
-634788
-635188
-635422
-635468
-635904
-636030
-636196
-637024
-637365
-637533
-637725
-637807
-637922
-637983
-638165
-638437
-638458
-638520
-638581
-638618
-638789
-638905
-638978
-639135
-639772
-639985
-640364
-640783
-640901
-641028
-641052
-641360
-641370
-642163
-642295
-642526
-642541
-642793
-642882
-643050
-643123
-643124
-643249
-643645
-643686
-644020
-644028
-644087
-644097
-644255
-644498
-644768
-644852
-644881
-645213
-645989
-646019
-646454
-646528
-646654
-646968
-647051
-647130
-647164
-647271
-647655
-647796
-647872
-648006
-648043
-648175
-648357
-648407
-648746
-648918
-649076
-649089
-649110
-649154
-649315
-649365
-649499
-649524
-649573
-649760
-649877
-650044
-650107
-650518
-650580
-650727
-651008
-651141
-651561
-651783
-651852
-651934
-652146
-652190
-652286
-652647
-652700
-652742
-652902
-653098
-653113
-653318
-653426
-653678
-653710
-653837
-653916
-654025
-654057
-654279
-654978
-655070
-655212
-655444
-655495
-655554
-655596
-655986
-656025
-656114
-656365
-656367
-656524
-656612
-656673
-656730
-656934
-657176
-657367
-657736
-657905
-658033
-658307
-658800
-659041
-659134
-659217
-659395
-659938
-659984
-660115
-660257
-660460
-660504
-660596
-660619
-660840
-660937
-661023
-661038
-661072
-661397
-661414
-661535
-662217
-662571
-662760
-662945
-663009
-663134
-663329
-663481
-663914
-663921
-664014
-664082
-664461
-664516
-664726
-664760
-664870
-665562
-665594
-665749
-665809
-666517
-666743
-667060
-667235
-667572
-667800
-667926
-668271
-668274
-668282
-668608
-668889
-668935
-669208
-669213
-669653
-669810
-669996
-670337
-670354
-670638
-670662
-670673
-671161
-671202
-671283
-671494
-671570
-671653
-671770
-672063
-672439
-672533
-672745
-672990
-673235
-673390
-673579
-673905
-674026
-674154
-674307
-674367
-674518
-674659
-674678
-674760
-674817
-674848
-675262
-675506
-675554
-675765
-676379
-676625
-677071
-677199
-677324
-677754
-677853
-678024
-678091
-678349
-678589
-678616
-678703
-678762
-679040
-679531
-679537
-679585
-679967
-680055
-680066
-680422
-680623
-680686
-680806
-681002
-681005
-681183
-681236
-681423
-681535
-681696
-681745
-682124
-682193
-682661
-682758
-682973
-683027
-683511
-683948
-684003
-684080
-684456
-684609
-684638
-684953
-685148
-685295
-685414
-685534
-685692
-686100
-686305
-686456
-686521
-686535
-687357
-687420
-687585
-687783
-687851
-687921
-688120
-688230
-688470
-688581
-689212
-689214
-689740
-689772
-689872
-690024
-690062
-690093
-690214
-690319
-690511
-690540
-690687
-690828
-690849
-691100
-691431
-691645
-692448
-692502
-693547
-693656
-693670
-693817
-693837
-693898
-694062
-694079
-694168
-694559
-694586
-694900
-695254
-695302
-695736
-695960
-696147
-696376
-696396
-696481
-696802
-696991
-697461
-697793
-698002
-698124
-698296
-698761
-698828
-699012
-699329
-699536
-699733
-699892
-700071
-700370
-700629
-700847
-701216
-701685
-701979
-702180
-702203
-702660
-702887
-702926
-703218
-703239
-703388
-703396
-703430
-703461
-703791
-704060
-704183
-704790
-705556
-705806
-706021
-706525
-706703
-706921
-706948
-707596
-707863
-707991
-708057
-708222
-708494
-708600
-708669
-708851
-709004
-709006
-709079
-709081
-709114
-709202
-709267
-709319
-709489
-709611
-710000
-710139
-710375
-710389
-710490
-710576
-710724
-710972
-711374
-711425
-711586
-711611
-711939
-712149
-712452
-712552
-712708
-712730
-712757
-712821
-712955
-713063
-713067
-713102
-713163
-713237
-713803
-714110
-714212
-714288
-714399
-714587
-714848
-714897
-715114
-715210
-715234
-715486
-715506
-715528
-715561
-715626
-715651
-716025
-716208
-716347
-716347
-716825
-717110
-717814
-717919
-717933
-718121
-718186
-718562
-718562
-718566
-718798
-718812
-718910
-719039
-719179
-719315
-719327
-720172
-720215
-720421
-720446
-720636
-720892
-720968
-721166
-721300
-721491
-721714
-722085
-722482
-722539
-722617
-722779
-722932
-722968
-723137
-723197
-723338
-723427
-723495
-723584
-723683
-723853
-724437
-724647
-724768
-724825
-724903
-724913
-725294
-725657
-725997
-726131
-726703
-726713
-726981
-727102
-727107
-727828
-727856
-727876
-728147
-728232
-728263
-728301
-728485
-728613
-728771
-728900
-729248
-729266
-729395
-729790
-730066
-730082
-730654
-730672
-730696
-731389
-731412
-731503
-731677
-731767
-732073
-732166
-732320
-732605
-732938
-732959
-733129
-733196
-733233
-733359
-733759
-734276
-734332
-734997
-735036
-735216
-735259
-735973
-736074
-736306
-736346
-736399
-736514
-736668
-736875
-737184
-737401
-737441
-737546
-737763
-737830
-737886
-737999
-738206
-738325
-738809
-738905
-738987
-739018
-739112
-739168
-739300
-739713
-740018
-740360
-740384
-741104
-741269
-741660
-741736
-741851
-742062
-742268
-742269
-742403
-742445
-742523
-742565
-743276
-743423
-743753
-744165
-744187
-744366
-744502
-744863
-744931
-744990
-745005
-745130
-745311
-745346
-745368
-745460
-745486
-745675
-745743
-745759
-745953
-746025
-746106
-746454
-746620
-746692
-746743
-746842
-747030
-747155
-747747
-747894
-748104
-748192
-748194
-748216
-748277
-749268
-749613
-749631
-750607
-750692
-751287
-751322
-751507
-751806
-751872
-751991
-752301
-752331
-752482
-752625
-752679
-752903
-754144
-754404
-754436
-754752
-755232
-755407
-755636
-755659
-755727
-755764
-756082
-756764
-756781
-756889
-757526
-757858
-757934
-758026
-758185
-758738
-758847
-758902
-758911
-759117
-759163
-759695
-759721
-759776
-759825
-759949
-760555
-760778
-760997
-761061
-761165
-761324
-761377
-762014
-762396
-762466
-762777
-762824
-762896
-763301
-763337
-763399
-763498
-763687
-763820
-763928
-764133
-764282
-764301
-764304
-764321
-764417
-764449
-764552
-764786
-765457
-765715
-765746
-765822
-765979
-767108
-767289
-767494
-768226
-768381
-768742
-769005
-769096
-769166
-769528
-769635
-769701
-770025
-770368
-770495
-770609
-770720
-771003
-771079
-771104
-771154
-771336
-771400
-771556
-771951
-772014
-772099
-772206
-772218
-772355
-772536
-772770
-773066
-773093
-773164
-773232
-773275
-773395
-773459
-773627
-773952
-774136
-774498
-774535
-774589
-774778
-775085
-775184
-775346
-775351
-775442
-775639
-775837
-776052
-776105
-776146
-776275
-776517
-776946
-776966
-777029
-777540
-777667
-777716
-777819
-778031
-778045
-778815
-779678
-780082
-780185
-780255
-780381
-780382
-780950
-780991
-781038
-781046
-781059
-781061
-781417
-781464
-781571
-781592
-781727
-781737
-781952
-782077
-782646
-782723
-783071
-783875
-784362
-784372
-784397
-784432
-784466
-784505
-784544
-784932
-784937
-784988
-784998
-785436
-785547
-786033
-786436
-786523
-786754
-786987
-787036
-787220
-787326
-787633
-787792
-787941
-787945
-788032
-788143
-788224
-788323
-788325
-788372
-788483
-788558
-788709
-788845
-788996
-789113
-789167
-789292
-789305
-789434
-789861
-789941
-790195
-790735
-791008
-791263
-791484
-791551
-791873
-791950
-792133
-792569
-793025
-793238
-793345
-793527
-793577
-793994
-794064
-794527
-794666
-794882
-794910
-795000
-795298
-795422
-795626
-796301
-796597
-796680
-796934
-797049
-797105
-797286
-797499
-797674
-798906
-799200
-799390
-799461
-799915
-799996
-800132
-800843
-800931
-801042
-801091
-801111
-801272
-801330
-801493
-801864
-801920
-801927
-802123
-802454
-802747
-802880
-803000
-803324
-803813
-804428
-804437
-804459
-805158
-805669
-805685
-805925
-806025
-806252
-806425
-807221
-807787
-807816
-808016
-808037
-808047
-808435
-808505
-808518
-808862
-808912
-809020
-809580
-809647
-809769
-810046
-810067
-810265
-810336
-810395
-810523
-810985
-811377
-811616
-811832
-812036
-812075
-812376
-812784
-813199
-813555
-813575
-813884
-814119
-814138
-814186
-814773
-815063
-815357
-815360
-816079
-816157
-816297
-816497
-816660
-817070
-817146
-817222
-817412
-817468
-817580
-817839
-817964
-818149
-818260
-818337
-818370
-818407
-818485
-818893
-818985
-819133
-819176
-819989
-820128
-820179
-820191
-820195
-820274
-820330
-820861
-820922
-821490
-821795
-821851
-821919
-822000
-822078
-822775
-822802
-822859
-822973
-823028
-823203
-823289
-823465
-823700
-823787
-823859
-824106
-824815
-824977
-825263
-825335
-825470
-825898
-826433
-826821
-827136
-827403
-827405
-827749
-827835
-828387
-828617
-828674
-828902
-829598
-829645
-829660
-830104
-830409
-830458
-830846
-830864
-831011
-831435
-831581
-831702
-831977
-832012
-832338
-832364
-832368
-832373
-832396
-832548
-833167
-833542
-833628
-833671
-833697
-833743
-834010
-834049
-834407
-834683
-834728
-834790
-834810
-834973
-835059
-835124
-835618
-835664
-835764
-835822
-835851
-836080
-836266
-836306
-837021
-837054
-837154
-837209
-837298
-837330
-837380
-837397
-837460
-837569
-838041
-838136
-838425
-838430
-838646
-839430
-839525
-839667
-839948
-840344
-840357
-840676
-840798
-840855
-841135
-841188
-841205
-841463
-841685
-841830
-842232
-842234
-842323
-842812
-842854
-842881
-843040
-843185
-843233
-843274
-843338
-843483
-843955
-844078
-844580
-845435
-845688
-845701
-845822
-846167
-846257
-846330
-846594
-846675
-847011
-847357
-847606
-847710
-848278
-848632
-848723
-848742
-848846
-849027
-849940
-850034
-850210
-850425
-850481
-850900
-851203
-851344
-851702
-851743
-851786
-851987
-852219
-852247
-852831
-852890
-853118
-853982
-854376
-854659
-854769
-854864
-855012
-856097
-856297
-856572
-856777
-856841
-856871
-857163
-857244
-857915
-858145
-858661
-858708
-858838
-858855
-858878
-858976
-859025
-859686
-859931
-860069
-860315
-860494
-860985
-861262
-861276
-861521
-861654
-861836
-862026
-862202
-862698
-862985
-863143
-863394
-863473
-863611
-863834
-863998
-864086
-864175
-864630
-864902
-865078
-865154
-865258
-865346
-865665
-865966
-865978
-866123
-866406
-866452
-866489
-866710
-866876
-866917
-867105
-867344
-867368
-867451
-867486
-867590
-867638
-867950
-868078
-868092
-868342
-868355
-868386
-868889
-869089
-869273
-869330
-869695
-869790
-870099
-870206
-870300
-870640
-870650
-870825
-870844
-870890
-870911
-871010
-871135
-871142
-871220
-871266
-871562
-871977
-871985
-872004
-872073
-872088
-872237
-872275
-872568
-872809
-872874
-872883
-873049
-873085
-873447
-873616
-873652
-873903
-873965
-873997
-874050
-874259
-874522
-874676
-874868
-874999
-875282
-875288
-875583
-875986
-876175
-876380
-876438
-876479
-876828
-876852
-876890
-876948
-877012
-877013
-877031
-877454
-877497
-878196
-878606
-878728
-879453
-879574
-879631
-879667
-880131
-880197
-880428
-880662
-880787
-880864
-880878
-880929
-881201
-881278
-881400
-881426
-881452
-881567
-881572
-881985
-882193
-882234
-882461
-882582
-882659
-883174
-883539
-883742
-883817
-883904
-884143
-884337
-884622
-884757
-884888
-885081
-885192
-885211
-885390
-885667
-885913
-886369
-886794
-886921
-887681
-887689
-887708
-887723
-887738
-887741
-887759
-887796
-887799
-887861
-887872
-887872
-888310
-888381
-889154
-889154
-889162
-889252
-889289
-889493
-889832
-889947
-890068
-890544
-890810
-890904
-891132
-891161
-891278
-891378
-891713
-891877
-892047
-892237
-893173
-893205
-893225
-894073
-894118
-894255
-894281
-895067
-895096
-895167
-895576
-895643
-895723
-895801
-895827
-896372
-896656
-896672
-896760
-897304
-897324
-897498
-897942
-898278
-898681
-898770
-899194
-899241
-899307
-899588
-899715
-899916
-900039
-900624
-900626
-900744
-900787
-901543
-901846
-901928
-902117
-902266
-902285
-902400
-902415
-902679
-902857
-903281
-903296
-903399
-903430
-903486
-903492
-903831
-904114
-904264
-904541
-904547
-905186
-905318
-905320
-905337
-905713
-905963
-906223
-906330
-907027
-907087
-907324
-907977
-908377
-908480
-908544
-908645
-908756
-908758
-908810
-908902
-908906
-909024
-909210
-909250
-909610
-909650
-909768
-910347
-910439
-910452
-910839
-911031
-911119
-911121
-911159
-911168
-911227
-911359
-911589
-911723
-911769
-911820
-912407
-912441
-912661
-912756
-913242
-914250
-914292
-914316
-914446
-914667
-914951
-915262
-915296
-915428
-915732
-916141
-916262
-916319
-916325
-916449
-916494
-916507
-916901
-917103
-917399
-917484
-917611
-918019
-918134
-918307
-918378
-918409
-918615
-919673
-920325
-920336
-920450
-920895
-920911
-921123
-921302
-921332
-921366
-921653
-921809
-922359
-922774
-923004
-923229
-923328
-923524
-923753
-923992
-924184
-924437
-924482
-924565
-924818
-924919
-925286
-925901
-925966
-926211
-926392
-926725
-926744
-927607
-927723
-927823
-928056
-928115
-928127
-928272
-928300
-928408
-928663
-928796
-929173
-929267
-929300
-929358
-929359
-929475
-929877
-929930
-930075
-930267
-930288
-930515
-931416
-931490
-932051
-932162
-932328
-932616
-932691
-933147
-933573
-933815
-934085
-934093
-934109
-934190
-934257
-934307
-934422
-934551
-934700
-934818
-934844
-935543
-936224
-936276
-937204
-937959
-938834
-939018
-939042
-939279
-939611
-940370
-940723
-940821
-941019
-941059
-941475
-941653
-941762
-941929
-942289
-942461
-942577
-942649
-942846
-943006
-943205
-943416
-943509
-943608
-943974
-944007
-944331
-945575
-945719
-945946
-946002
-946148
-946192
-946332
-946703
-947199
-947316
-947670
-947701
-947901
-948147
-948270
-948596
-948984
-949162
-949336
-949429
-949603
-949644
-950063
-950081
-950259
-950316
-950582
-950660
-950690
-950988
-951379
-951391
-951599
-951828
-952168
-952254
-952627
-952873
-952976
-952994
-953282
-953760
-953870
-954144
-954341
-954570
-954687
-954917
-955099
-955194
-955273
-955357
-955744
-955979
-956246
-956820
-956984
-957380
-957503
-957687
-957703
-957908
-957988
-958320
-958423
-958657
-958751
-958786
-958879
-959499
-959503
-959506
-959649
-959926
-959983
-960014
-960119
-960420
-960983
-961641
-961769
-961839
-961933
-962186
-962315
-962992
-963040
-963491
-963523
-963715
-964074
-964644
-964937
-965081
-965590
-965750
-965901
-966246
-966299
-966347
-966739
-967082
-967216
-967237
-967526
-967952
-967956
-968079
-968091
-968392
-968793
-969197
-969505
-969601
-969680
-970086
-970154
-970209
-970339
-970541
-970612
-970623
-970692
-970738
-970766
-971194
-971335
-971488
-972134
-972177
-972273
-972278
-972420
-972921
-973408
-973519
-973561
-973588
-973889
-973994
-974204
-974316
-974829
-975008
-975020
-975568
-976014
-976027
-976052
-976349
-976411
-976541
-976661
-976849
-976916
-977884
-977914
-978041
-978067
-978354
-978711
-978973
-978994
-979370
-979465
-979471
-979480
-979529
-979740
-979847
-979984
-980044
-980266
-980410
-980464
-980548
-980631
-980753
-980819
-981258
-981895
-981982
-982064
-982191
-982429
-982464
-982469
-982698
-982983
-983169
-983343
-983691
-983881
-984004
-984353
-984765
-984801
-984817
-985328
-985381
-985416
-985467
-985558
-985931
-986148
-986550
-986825
-986883
-986959
-987008
-987169
-987230
-987533
-988026
-988758
-988982
-989014
-990398
-990547
-990573
-990753
-990841
-990918
-991132
-991711
-992055
-992184
-992201
-992574
-992581
-992768
-992977
-993107
-993267
-993850
-994189
-994254
-994620
-994863
-995438
-995529
-995572
-995992
-996051
-996614
-997517
-998105
-998330
-998375
-998538
-998946
-999017
-999063
-999115
-999443
-999749
-999827
-999979
