-999979
-999827
-999749
-999443
-999115
-999063
-999017
-998946
-998538
-998375
-998330
-998105
-997517
-996614
-996051
-995992
-995572
-995529
-995438
-994863
-994620
-994254
-994189
-993850
-993267
-993107
-992977
-992768
-992581
-992574
-992201
-992184
-992055
-991711
-991132
-990918
-990841
-990753
-990573
-990547
-990398
-989014
-988982
-988758
-988026
-987533
-987230
-987169
-987008
-986959
-986883
-986825
-986550
-986148
-985931
-985558
-985467
-985416
-985381
-985328
-984817
-984801
-984765
-984353
-984004
-983881
-983691
-983343
-983169
-982983
-982698
-982469
-982464
-982429
-982191
-982064
-981982
-981895
-981258
-980819
-980753
-980631
-980548
-980464
-980410
-980266
-980044
-979984
-979847
-979740
-979529
-979480
-979471
-979465
-979370
-978994
-978973
-978711
-978354
-978067
-978041
-977914
-977884
-976916
-976849
-976661
-976541
-976411
-976349
-976052
-976027
-976014
-975568
-975020
-975008
-974829
-974316
-974204
-973994
-973889
-973588
-973561
-973519
-973408
-972921
-972420
-972278
-972273
-972177
-972134
-971488
-971335
-971194
-970766
-970738
-970692
-970623
-970612
-970541
-970339
-970209
-970154
-970086
-969680
-969601
-969505
-969197
-968793
-968392
-968091
-968079
-967956
-967952
-967526
-967237
-967216
-967082
-966739
-966347
-966299
-966246
-965901
-965750
-965590
-965081
-964937
-964644
-964074
-963715
-963523
-963491
-963040
-962992
-962315
-962186
-961933
-961839
-961769
-961641
-960983
-960420
-960119
-960014
-959983
-959926
-959649
-959506
-959503
-959499
-958879
-958786
-958751
-958657
-958423
-958320
-957988
-957908
-957703
-957687
-957503
-957380
-956984
-956820
-956246
-955979
-955744
-955357
-955273
-955194
-955099
-954917
-954687
-954570
-954341
-954144
-953870
-953760
-953282
-952994
-952976
-952873
-952627
-952254
-952168
-951828
-951599
-951391
-951379
-950988
-950690
-950660
-950582
-950316
-950259
-950081
-950063
-949644
-949603
-949429
-949336
-949162
-948984
-948596
-948270
-948147
-947901
-947701
-947670
-947316
-947199
-946703
-946332
-946192
-946148
-946002
-945946
-945719
-945575
-944331
-944007
-943974
-943608
-943509
-943416
-943205
-943006
-942846
-942649
-942577
-942461
-942289
-941929
-941762
-941653
-941475
-941059
-941019
-940821
-940723
-940370
-939611
-939279
-939042
-939018
-938834
-937959
-937204
-936276
-936224
-935543
-934844
-934818
-934700
-934551
-934422
-934307
-934257
-934190
-934109
-934093
-934085
-933815
-933573
-933147
-932691
-932616
-932328
-932162
-932051
-931490
-931416
-930515
-930288
-930267
-930075
-929930
-929877
-929475
-929359
-929358
-929300
-929267
-929173
-928796
-928663
-928408
-928300
-928272
-928127
-928115
-928056
-927823
-927723
-927607
-926744
-926725
-926392
-926211
-925966
-925901
-925286
-924919
-924818
-924565
-924482
-924437
-924184
-923992
-923753
-923524
-923328
-923229
-923004
-922774
-922359
-921809
-921653
-921366
-921332
-921302
-921123
-920911
-920895
-920450
-920336
-920325
-919673
-918615
-918409
-918378
-918307
-918134
-918019
-917611
-917484
-917399
-917103
-916901
-916507
-916494
-916449
-916325
-916319
-916262
-916141
-915732
-915428
-915296
-915262
-914951
-914667
-914446
-914316
-914292
-914250
-913242
-912756
-912661
-912441
-912407
-911820
-911769
-911723
-911589
-911359
-911227
-911168
-911159
-911121
-911119
-911031
-910839
-910452
-910439
-910347
-909768
-909650
-909610
-909250
-909210
-909024
-908906
-908902
-908810
-908758
-908756
-908645
-908544
-908480
-908377
-907977
-907324
-907087
-907027
-906330
-906223
-905963
-905713
-905337
-905320
-905318
-905186
-904547
-904541
-904264
-904114
-903831
-903492
-903486
-903430
-903399
-903296
-903281
-902857
-902679
-902415
-902400
-902285
-902266
-902117
-901928
-901846
-901543
-900787
-900744
-900626
-900624
-900039
-899916
-899715
-899588
-899307
-899241
-899194
-898770
-898681
-898278
-897942
-897498
-897324
-897304
-896760
-896672
-896656
-896372
-895827
-895801
-895723
-895643
-895576
-895167
-895096
-895067
-894281
-894255
-894118
-894073
-893225
-893205
-893173
-892237
-892047
-891877
-891713
-891378
-891278
-891161
-891132
-890904
-890810
-890544
-890068
-889947
-889832
-889493
-889289
-889252
-889162
-889154
-889154
-888381
-888310
-887872
-887872
-887861
-887799
-887796
-887759
-887741
-887738
-887723
-887708
-887689
-887681
-886921
-886794
-886369
-885913
-885667
-885390
-885211
-885192
-885081
-884888
-884757
-884622
-884337
-884143
-883904
-883817
-883742
-883539
-883174
-882659
-882582
-882461
-882234
-882193
-881985
-881572
-881567
-881452
-881426
-881400
-881278
-881201
-880929
-880878
-880864
-880787
-880662
-880428
-880197
-880131
-879667
-879631
-879574
-879453
-878728
-878606
-878196
-877497
-877454
-877031
-877013
-877012
-876948
-876890
-876852
-876828
-876479
-876438
-876380
-876175
-875986
-875583
-875288
-875282
-874999
-874868
-874676
-874522
-874259
-874050
-873997
-873965
-873903
-873652
-873616
-873447
-873085
-873049
-872883
-872874
-872809
-872568
-872275
-872237
-872088
-872073
-872004
-871985
-871977
-871562
-871266
-871220
-871142
-871135
-871010
-870911
-870890
-870844
-870825
-870650
-870640
-870300
-870206
-870099
-869790
-869695
-869330
-869273
-869089
-868889
-868386
-868355
-868342
-868092
-868078
-867950
-867638
-867590
-867486
-867451
-867368
-867344
-867105
-866917
-866876
-866710
-866489
-866452
-866406
-866123
-865978
-865966
-865665
-865346
-865258
-865154
-865078
-864902
-864630
-864175
-864086
-863998
-863834
-863611
-863473
-863394
-863143
-862985
-862698
-862202
-862026
-861836
-861654
-861521
-861276
-861262
-860985
-860494
-860315
-860069
-859931
-859686
-859025
-858976
-858878
-858855
-858838
-858708
-858661
-858145
-857915
-857244
-857163
-856871
-856841
-856777
-856572
-856297
-856097
-855012
-854864
-854769
-854659
-854376
-853982
-853118
-852890
-852831
-852247
-852219
-851987
-851786
-851743
-851702
-851344
-851203
-850900
-850481
-850425
-850210
-850034
-849940
-849027
-848846
-848742
-848723
-848632
-848278
-847710
-847606
-847357
-847011
-846675
-846594
-846330
-846257
-846167
-845822
-845701
-845688
-845435
-844580
-844078
-843955
-843483
-843338
-843274
-843233
-843185
-843040
-842881
-842854
-842812
-842323
-842234
-842232
-841830
-841685
-841463
-841205
-841188
-841135
-840855
-840798
-840676
-840357
-840344
-839948
-839667
-839525
-839430
-838646
-838430
-838425
-838136
-838041
-837569
-837460
-837397
-837380
-837330
-837298
-837209
-837154
-837054
-837021
-836306
-836266
-836080
-835851
-835822
-835764
-835664
-835618
-835124
-835059
-834973
-834810
-834790
-834728
-834683
-834407
-834049
-834010
-833743
-833697
-833671
-833628
-833542
-833167
-832548
-832396
-832373
-832368
-832364
-832338
-832012
-831977
-831702
-831581
-831435
-831011
-830864
-830846
-830458
-830409
-830104
-829660
-829645
-829598
-828902
-828674
-828617
-828387
-827835
-827749
-827405
-827403
-827136
-826821
-826433
-825898
-825470
-825335
-825263
-824977
-824815
-824106
-823859
-823787
-823700
-823465
-823289
-823203
-823028
-822973
-822859
-822802
-822775
-822078
-822000
-821919
-821851
-821795
-821490
-820922
-820861
-820330
-820274
-820195
-820191
-820179
-820128
-819989
-819176
-819133
-818985
-818893
-818485
-818407
-818370
-818337
-818260
-818149
-817964
-817839
-817580
-817468
-817412
-817222
-817146
-817070
-816660
-816497
-816297
-816157
-816079
-815360
-815357
-815063
-814773
-814186
-814138
-814119
-813884
-813575
-813555
-813199
-812784
-812376
-812075
-812036
-811832
-811616
-811377
-810985
-810523
-810395
-810336
-810265
-810067
-810046
-809769
-809647
-809580
-809020
-808912
-808862
-808518
-808505
-808435
-808047
-808037
-808016
-807816
-807787
-807221
-806425
-806252
-806025
-805925
-805685
-805669
-805158
-804459
-804437
-804428
-803813
-803324
-803000
-802880
-802747
-802454
-802123
-801927
-801920
-801864
-801493
-801330
-801272
-801111
-801091
-801042
-800931
-800843
-800132
-799996
-799915
-799461
-799390
-799200
-798906
-797674
-797499
-797286
-797105
-797049
-796934
-796680
-796597
-796301
-795626
-795422
-795298
-795000
-794910
-794882
-794666
-794527
-794064
-793994
-793577
-793527
-793345
-793238
-793025
-792569
-792133
-791950
-791873
-791551
-791484
-791263
-791008
-790735
-790195
-789941
-789861
-789434
-789305
-789292
-789167
-789113
-788996
-788845
-788709
-788558
-788483
-788372
-788325
-788323
-788224
-788143
-788032
-787945
-787941
-787792
-787633
-787326
-787220
-787036
-786987
-786754
-786523
-786436
-786033
-785547
-785436
-784998
-784988
-784937
-784932
-784544
-784505
-784466
-784432
-784397
-784372
-784362
-783875
-783071
-782723
-782646
-782077
-781952
-781737
-781727
-781592
-781571
-781464
-781417
-781061
-781059
-781046
-781038
-780991
-780950
-780382
-780381
-780255
-780185
-780082
-779678
-778815
-778045
-778031
-777819
-777716
-777667
-777540
-777029
-776966
-776946
-776517
-776275
-776146
-776105
-776052
-775837
-775639
-775442
-775351
-775346
-775184
-775085
-774778
-774589
-774535
-774498
-774136
-773952
-773627
-773459
-773395
-773275
-773232
-773164
-773093
-773066
-772770
-772536
-772355
-772218
-772206
-772099
-772014
-771951
-771556
-771400
-771336
-771154
-771104
-771079
-771003
-770720
-770609
-770495
-770368
-770025
-769701
-769635
-769528
-769166
-769096
-769005
-768742
-768381
-768226
-767494
-767289
-767108
-765979
-765822
-765746
-765715
-765457
-764786
-764552
-764449
-764417
-764321
-764304
-764301
-764282
-764133
-763928
-763820
-763687
-763498
-763399
-763337
-763301
-762896
-762824
-762777
-762466
-762396
-762014
-761377
-761324
-761165
-761061
-760997
-760778
-760555
-759949
-759825
-759776
-759721
-759695
-759163
-759117
-758911
-758902
-758847
-758738
-758185
-758026
-757934
-757858
-757526
-756889
-756781
-756764
-756082
-755764
-755727
-755659
-755636
-755407
-755232
-754752
-754436
-754404
-754144
-752903
-752679
-752625
-752482
-752331
-752301
-751991
-751872
-751806
-751507
-751322
-751287
-750692
-750607
-749631
-749613
-749268
-748277
-748216
-748194
-748192
-748104
-747894
-747747
-747155
-747030
-746842
-746743
-746692
-746620
-746454
-746106
-746025
-745953
-745759
-745743
-745675
-745486
-745460
-745368
-745346
-745311
-745130
-745005
-744990
-744931
-744863
-744502
-744366
-744187
-744165
-743753
-743423
-743276
-742565
-742523
-742445
-742403
-742269
-742268
-742062
-741851
-741736
-741660
-741269
-741104
-740384
-740360
-740018
-739713
-739300
-739168
-739112
-739018
-738987
-738905
-738809
-738325
-738206
-737999
-737886
-737830
-737763
-737546
-737441
-737401
-737184
-736875
-736668
-736514
-736399
-736346
-736306
-736074
-735973
-735259
-735216
-735036
-734997
-734332
-734276
-733759
-733359
-733233
-733196
-733129
-732959
-732938
-732605
-732320
-732166
-732073
-731767
-731677
-731503
-731412
-731389
-730696
-730672
-730654
-730082
-730066
-729790
-729395
-729266
-729248
-728900
-728771
-728613
-728485
-728301
-728263
-728232
-728147
-727876
-727856
-727828
-727107
-727102
-726981
-726713
-726703
-726131
-725997
-725657
-725294
-724913
-724903
-724825
-724768
-724647
-724437
-723853
-723683
-723584
-723495
-723427
-723338
-723197
-723137
-722968
-722932
-722779
-722617
-722539
-722482
-722085
-721714
-721491
-721300
-721166
-720968
-720892
-720636
-720446
-720421
-720215
-720172
-719327
-719315
-719179
-719039
-718910
-718812
-718798
-718566
-718562
-718562
-718186
-718121
-717933
-717919
-717814
-717110
-716825
-716347
-716347
-716208
-716025
-715651
-715626
-715561
-715528
-715506
-715486
-715234
-715210
-715114
-714897
-714848
-714587
-714399
-714288
-714212
-714110
-713803
-713237
-713163
-713102
-713067
-713063
-712955
-712821
-712757
-712730
-712708
-712552
-712452
-712149
-711939
-711611
-711586
-711425
-711374
-710972
-710724
-710576
-710490
-710389
-710375
-710139
-710000
-709611
-709489
-709319
-709267
-709202
-709114
-709081
-709079
-709006
-709004
-708851
-708669
-708600
-708494
-708222
-708057
-707991
-707863
-707596
-706948
-706921
-706703
-706525
-706021
-705806
-705556
-704790
-704183
-704060
-703791
-703461
-703430
-703396
-703388
-703239
-703218
-702926
-702887
-702660
-702203
-702180
-701979
-701685
-701216
-700847
-700629
-700370
-700071
-699892
-699733
-699536
-699329
-699012
-698828
-698761
-698296
-698124
-698002
-697793
-697461
-696991
-696802
-696481
-696396
-696376
-696147
-695960
-695736
-695302
-695254
-694900
-694586
-694559
-694168
-694079
-694062
-693898
-693837
-693817
-693670
-693656
-693547
-692502
-692448
-691645
-691431
-691100
-690849
-690828
-690687
-690540
-690511
-690319
-690214
-690093
-690062
-690024
-689872
-689772
-689740
-689214
-689212
-688581
-688470
-688230
-688120
-687921
-687851
-687783
-687585
-687420
-687357
-686535
-686521
-686456
-686305
-686100
-685692
-685534
-685414
-685295
-685148
-684953
-684638
-684609
-684456
-684080
-684003
-683948
-683511
-683027
-682973
-682758
-682661
-682193
-682124
-681745
-681696
-681535
-681423
-681236
-681183
-681005
-681002
-680806
-680686
-680623
-680422
-680066
-680055
-679967
-679585
-679537
-679531
-679040
-678762
-678703
-678616
-678589
-678349
-678091
-678024
-677853
-677754
-677324
-677199
-677071
-676625
-676379
-675765
-675554
-675506
-675262
-674848
-674817
-674760
-674678
-674659
-674518
-674367
-674307
-674154
-674026
-673905
-673579
-673390
-673235
-672990
-672745
-672533
-672439
-672063
-671770
-671653
-671570
-671494
-671283
-671202
-671161
-670673
-670662
-670638
-670354
-670337
-669996
-669810
-669653
-669213
-669208
-668935
-668889
-668608
-668282
-668274
-668271
-667926
-667800
-667572
-667235
-667060
-666743
-666517
-665809
-665749
-665594
-665562
-664870
-664760
-664726
-664516
-664461
-664082
-664014
-663921
-663914
-663481
-663329
-663134
-663009
-662945
-662760
-662571
-662217
-661535
-661414
-661397
-661072
-661038
-661023
-660937
-660840
-660619
-660596
-660504
-660460
-660257
-660115
-659984
-659938
-659395
-659217
-659134
-659041
-658800
-658307
-658033
-657905
-657736
-657367
-657176
-656934
-656730
-656673
-656612
-656524
-656367
-656365
-656114
-656025
-655986
-655596
-655554
-655495
-655444
-655212
-655070
-654978
-654279
-654057
-654025
-653916
-653837
-653710
-653678
-653426
-653318
-653113
-653098
-652902
-652742
-652700
-652647
-652286
-652190
-652146
-651934
-651852
-651783
-651561
-651141
-651008
-650727
-650580
-650518
-650107
-650044
-649877
-649760
-649573
-649524
-649499
-649365
-649315
-649154
-649110
-649089
-649076
-648918
-648746
-648407
-648357
-648175
-648043
-648006
-647872
-647796
-647655
-647271
-647164
-647130
-647051
-646968
-646654
-646528
-646454
-646019
-645989
-645213
-644881
-644852
-644768
-644498
-644255
-644097
-644087
-644028
-644020
-643686
-643645
-643249
-643124
-643123
-643050
-642882
-642793
-642541
-642526
-642295
-642163
-641370
-641360
-641052
-641028
-640901
-640783
-640364
-639985
-639772
-639135
-638978
-638905
-638789
-638618
-638581
-638520
-638458
-638437
-638165
-637983
-637922
-637807
-637725
-637533
-637365
-637024
-636196
-636030
-635904
-635468
-635422
-635188
-634788
-634695
-634489
-633690
-632709
-632370
-632365
-632315
-632183
-631968
-631733
-631731
-631488
-631385
-631309
-631243
-631234
-630797
-630580
-630479
-629910
-629847
-629731
-629592
-629558
-629464
-629420
-629204
-628816
-628571
-628500
-628223
-628010
-628006
-627505
-627257
-627241
-627016
-626172
-625995
-625991
-625918
-625710
-625370
-624713
-624363
-624070
-624035
-623974
-623680
-623220
-623178
-622969
-622623
-622501
-622295
-621731
-621310
-621208
-620962
-620937
-620770
-620621
-620577
-620546
-620520
-620235
-620160
-620005
-619777
-619284
-618939
-618452
-618388
-618163
-618084
-617968
-617669
-617609
-617430
-617400
-617163
-617115
-617087
-616748
-616665
-616575
-616397
-616323
-616273
-616180
-616008
-615923
-615741
-615680
-615516
-615103
-615004
-614640
-614366
-614260
-614181
-613942
-613787
-613661
-613176
-613155
-613129
-613079
-612539
-611840
-611839
-611780
-611732
-611319
-611096
-611021
-610924
-610835
-610606
-610032
-609761
-609549
-609440
-609250
-608953
-608827
-608673
-608547
-608485
-608218
-608050
-607629
-607274
-606929
-606789
-606314
-606306
-606145
-606064
-605945
-605790
-605662
-605367
-605019
-604930
-604836
-603767
-603264
-603162
-603092
-602861
-602827
-602763
-602277
-602159
-602103
-601972
-601959
-601853
-601801
-601728
-601707
-601399
-601090
-601023
-600701
-600482
-600140
-600037
-599931
-599834
-599410
-599403
-599300
-599117
-599002
-598662
-598643
-598454
-598443
-598431
-598265
-598249
-597983
-597372
-597230
-597045
-596894
-596720
-596410
-596339
-596099
-595694
-595295
-594834
-594766
-594754
-594549
-594518
-594313
-594289
-594216
-594029
-593760
-593448
-593068
-592460
-592280
-592203
-592122
-592083
-591232
-591224
-591156
-591115
-590941
-590826
-590681
-590283
-590246
-590192
-589960
-589580
-589385
-589315
-589020
-588675
-588594
-588171
-587781
-587372
-587272
-587131
-586713
-586486
-585773
-585627
-585138
-584754
-584687
-584597
-584566
-584497
-583804
-582859
-582841
-582563
-582395
-582234
-582167
-581778
-581554
-581415
-581320
-580743
-579998
-579776
-579747
-579625
-579514
-579456
-579133
-578978
-578967
-578738
-578677
-577927
-577863
-577583
-577507
-577187
-577137
-576981
-576928
-576794
-576669
-575917
-575787
-575698
-575302
-575206
-575194
-574556
-574030
-573937
-573903
-573848
-573741
-573704
-573590
-573427
-573282
-573124
-572957
-572829
-572816
-572756
-572678
-572613
-572574
-572471
-572457
-572373
-572366
-572288
-572195
-572143
-570995
-570983
-570656
-570628
-570560
-570041
-569408
-569407
-569397
-569368
-569223
-569148
-568907
-568865
-568624
-568604
-568300
-568130
-567920
-567576
-567445
-567374
-567257
-567157
-566851
-566784
-566399
-565830
-565725
-565612
-565515
-565250
-565064
-565044
-565023
-564923
-564728
-564548
-564539
-564465
-564371
-564093
-563006
-562978
-562737
-562530
-561990
-561816
-561744
-560675
-560545
-560063
-559778
-559526
-559198
-559161
-558820
-558655
-558367
-558362
-558030
-557982
-557704
-557464
-557398
-557089
-556726
-556700
-556605
-556386
-556066
-555989
-555829
-555638
-555466
-555312
-555265
-554873
-554571
-554324
-554171
-554096
-554077
-554047
-554034
-553078
-552925
-552873
-552698
-552595
-552278
-552155
-552153
-552055
-551947
-551738
-551439
-551341
-550941
-550698
-550570
-550459
-550386
-550037
-549783
-549589
-549548
-549206
-548927
-548892
-548881
-548830
-548721
-548642
-547141
-546837
-546824
-546557
-546541
-546247
-546141
-546000
-545981
-545888
-545496
-545154
-545143
-544901
-544669
-544441
-544378
-544354
-544191
-544088
-543632
-543501
-542769
-542671
-542625
-542550
-542359
-542196
-542066
-541939
-541683
-541461
-541400
-541102
-540821
-540387
-540338
-540182
-540038
-539943
-539726
-539569
-539354
-539117
-538740
-538263
-538034
-536879
-536782
-536776
-536468
-536430
-536062
-535938
-535921
-535592
-535552
-535279
-535098
-534706
-534183
-534151
-533835
-533562
-533374
-533301
-533233
-533183
-532864
-532717
-532652
-532522
-532458
-532342
-532230
-532170
-532070
-532070
-531978
-531904
-531858
-531382
-530937
-530407
-530176
-530039
-529645
-529488
-529472
-529444
-529314
-529135
-528746
-528536
-528352
-527975
-527861
-527328
-527325
-527318
-526946
-526917
-526243
-526182
-526088
-525968
-525826
-525714
-525689
-525593
-525416
-525305
-525290
-525048
-525033
-524908
-524132
-524086
-523855
-523759
-523472
-523280
-522612
-522348
-522062
-522060
-521940
-521648
-521239
-521212
-521058
-520241
-519734
-519487
-519182
-519018
-518986
-518869
-518741
-518632
-518232
-517853
-517837
-517769
-517481
-517462
-517330
-517203
-516992
-516745
-516708
-516611
-516604
-516561
-516530
-516442
-516365
-516358
-515780
-515103
-515090
-515011
-514850
-514649
-514564
-514476
-514142
-514103
-513757
-513682
-513597
-513272
-513232
-513170
-513105
-512800
-512780
-512754
-512721
-512358
-512329
-512298
-511940
-511865
-511655
-511517
-511476
-511214
-511110
-510998
-510714
-510619
-510557
-510533
-510212
-509953
-509864
-509788
-509699
-509620
-509528
-509483
-509082
-508932
-508922
-508863
-508467
-508204
-507810
-507291
-507233
-507162
-506873
-506869
-506864
-506521
-506497
-506265
-505724
-505627
-504158
-503915
-503765
-503533
-503129
-502560
-502549
-502378
-500997
-500874
-500838
-500821
-500649
-500326
-500039
-499998
-499879
-499783
-499706
-499448
-499446
-499281
-498768
-498554
-498550
-498419
-498300
-498286
-497996
-497762
-497576
-497459
-497456
-497050
-497038
-496739
-496137
-496001
-495854
-495666
-495605
-495295
-495175
-495100
-495002
-494963
-494738
-494235
-494227
-494137
-493900
-493683
-493620
-493607
-492075
-491995
-491870
-491780
-491623
-491607
-491535
-491169
-491143
-491000
-490991
-490645
-490605
-490263
-489983
-489877
-489633
-489280
-489201
-489109
-488881
-488858
-488627
-488000
-487800
-487551
-487452
-487170
-487076
-486791
-486725
-486411
-486292
-486177
-486151
-486058
-485937
-485741
-485528
-484946
-484823
-483840
-483674
-483139
-483125
-482888
-482874
-482736
-482665
-482495
-482249
-482199
-482137
-481800
-481555
-481392
-481123
-481086
-480944
-480759
-480752
-480650
-480469
-480403
-480092
-480012
-479635
-479418
-479254
-478840
-478811
-478512
-478395
-478321
-478295
-477963
-477619
-477067
-476852
-476755
-476548
-476327
-476032
-476030
-475951
-475940
-475826
-475762
-475584
-475444
-475310
-475099
-474653
-474234
-474135
-473807
-473386
-473074
-472899
-472842
-472753
-472264
-472256
-472240
-472136
-472082
-471956
-471941
-471605
-471543
-471457
-471416
-470874
-470762
-470301
-470018
-469775
-469768
-469735
-469733
-469474
-469350
-468932
-468835
-468611
-468387
-468295
-468280
-468181
-467905
-467893
-467799
-467276
-467136
-466381
-465872
-465859
-465757
-465753
-465719
-465638
-465206
-465202
-464908
-464901
-464685
-464518
-464135
-464129
-464006
-463662
-463398
-463395
-463395
-463384
-463202
-463088
-463047
-462832
-462732
-462424
-462397
-462374
-462110
-462028
-462017
-461580
-460682
-460578
-460148
-460014
-459942
-459937
-459874
-459302
-459284
-459018
-458940
-458718
-458581
-458267
-457566
-457486
-457449
-457258
-456898
-456298
-456172
-456163
-455490
-455221
-455183
-454722
-454339
-454317
-454280
-454100
-453669
-453626
-453312
-453238
-452886
-452296
-451495
-451452
-451363
-451231
-451153
-450649
-450634
-450131
-450120
-450119
-449424
-449350
-448744
-448161
-447244
-447175
-446914
-446883
-446597
-446427
-446414
-446307
-446241
-446206
-445781
-445749
-445652
-445072
-444922
-444287
-444132
-444125
-444059
-443990
-443520
-443499
-443486
-443193
-443002
-442320
-442220
-441972
-441705
-441357
-440925
-440505
-439878
-439683
-439572
-439026
-438693
-438518
-438489
-438107
-438034
-437497
-437214
-437211
-436762
-436735
-436568
-436399
-436076
-435900
-435777
-435322
-434722
-434626
-434527
-434384
-434325
-434211
-434206
-434161
-433975
-433896
-433834
-433672
-433632
-433489
-433450
-433396
-433375
-433327
-433301
-433144
-432387
-431767
-431629
-431385
-431375
-431114
-430634
-430395
-430393
-430377
-430306
-430201
-429562
-429518
-429463
-429429
-429195
-429051
-428966
-428453
-427901
-427723
-427561
-427277
-427054
-427016
-427015
-426465
-426299
-426089
-426082
-425554
-425085
-425012
-424852
-424730
-424654
-424504
-424453
-424142
-424055
-424014
-423923
-423374
-423303
-422616
-422421
-422409
-421726
-421716
-421572
-421358
-421251
-421131
-420930
-420832
-420812
-420787
-420415
-420328
-420246
-419955
-419808
-419598
-419530
-419504
-418973
-418755
-418694
-418687
-418546
-417626
-417567
-417510
-417315
-417186
-417100
-416936
-416003
-415757
-415529
-415480
-415446
-415196
-414700
-414646
-414535
-414165
-413960
-413949
-413867
-413766
-413524
-413287
-412815
-412709
-412632
-412509
-412095
-411832
-411605
-411398
-411115
-410990
-410927
-410864
-410832
-410748
-410676
-409939
-409868
-409823
-409641
-409353
-409102
-409015
-408999
-408791
-408771
-408381
-408317
-408224
-407629
-407561
-407285
-407261
-407233
-407223
-407043
-407026
-406917
-406526
-406437
-406381
-406175
-405692
-405529
-405498
-405485
-405290
-405271
-405136
-405015
-404762
-404757
-404756
-404646
-404487
-404385
-403951
-403943
-403923
-403919
-403821
-403758
-403431
-403051
-402952
-402684
-402321
-402286
-401998
-401984
-401675
-401645
-401581
-401318
-401258
-401211
-401112
-401037
-401004
-400748
-400649
-400563
-400336
-400306
-400179
-400139
-400066
-399801
-399514
-399212
-399059
-398058
-398039
-397925
-396555
-396333
-396124
-395911
-395440
-395402
-395365
-395128
-395034
-394576
-394074
-394051
-394036
-393994
-393776
-393743
-393737
-393643
-393536
-393421
-393287
-392946
-392586
-392062
-391876
-391820
-391691
-391337
-391149
-390599
-390264
-390196
-389874
-388696
-388542
-388378
-388214
-388045
-387997
-387895
-387859
-387622
-387286
-386988
-386757
-386610
-386578
-386568
-386296
-385970
-385919
-385628
-385584
-385450
-385145
-384995
-384358
-384259
-383557
-383071
-383063
-382262
-382154
-381916
-381796
-381775
-381609
-380220
-380077
-379716
-379635
-379551
-379533
-379413
-378972
-378623
-378568
-378563
-378276
-378113
-378054
-377825
-377607
-377200
-377005
-376728
-376408
-376099
-375834
-375806
-375586
-375468
-375110
-374976
-374773
-374645
-374477
-374416
-374279
-373984
-373266
-373254
-373232
-373187
-372807
-372765
-372745
-372486
-372404
-372383
-372048
-371805
-371514
-371313
-371102
-370906
-370878
-370803
-370617
-370486
-370476
-369950
-369825
-369784
-369770
-369720
-369533
-369385
-369273
-368780
-368765
-368471
-367960
-367670
-367626
-367189
-366988
-366777
-366317
-366006
-365702
-365316
-364992
-364855
-364649
-364522
-364508
-364259
-364196
-363957
-363899
-363883
-363256
-363255
-362953
-362915
-362757
-362673
-362617
-362563
-362524
-362482
-362449
-362324
-361998
-361940
-361734
-361703
-361545
-361019
-360917
-360601
-360433
-360370
-360059
-359825
-359774
-359710
-359582
-359570
-359510
-359504
-359245
-359146
-358950
-358926
-358845
-358565
-358493
-358070
-357974
-357704
-357638
-357320
-357306
-357180
-357152
-357042
-356819
-356468
-356415
-355665
-355332
-354929
-354899
-354859
-354697
-354502
-354436
-354320
-353899
-353894
-353452
-353388
-353307
-353212
-353125
-353008
-352977
-352822
-352388
-352355
-352347
-352162
-352051
-351944
-351517
-351088
-350847
-350536
-350184
-349643
-349423
-349336
-349246
-349106
-349037
-348893
-348504
-348487
-348028
-347929
-347406
-347358
-347013
-346780
-346685
-346378
-346306
-346239
-346204
-346053
-345812
-344855
-344819
-344685
-344118
-344023
-343448
-343175
-343156
-342758
-342593
-342404
-342275
-341906
-341714
-341678
-341535
-340887
-340796
-340761
-340421
-340211
-340138
-340057
-339865
-339828
-339238
-339235
-339086
-338591
-338488
-338482
-338377
-338272
-338098
-337934
-337460
-337357
-336844
-336441
-336272
-335685
-335583
-335444
-335333
-334656
-334323
-334221
-334197
-334178
-334092
-334066
-333679
-333461
-333048
-332326
-331921
-331664
-331561
-331286
-331198
-330994
-330720
-330363
-330265
-329880
-329757
-329748
-329633
-329541
-329467
-329282
-329245
-328550
-328397
-328312
-327889
-327690
-327655
-327076
-326952
-326652
-326167
-326070
-325970
-325954
-325948
-325550
-325275
-325220
-325026
-324966
-324922
-324841
-323932
-323901
-323826
-323801
-323768
-323748
-323622
-323595
-323540
-323525
-323350
-322942
-322592
-322215
-322112
-321624
-321561
-321056
-320916
-320769
-320753
-320620
-320578
-320493
-319871
-319755
-319746
-319606
-319602
-319431
-319349
-319213
-318900
-318782
-318533
-318444
-318251
-318217
-318179
-317738
-317723
-317500
-317120
-316975
-316940
-316763
-316400
-316346
-316222
-316077
-315616
-315353
-315199
-314406
-314356
-313630
-313490
-313463
-312834
-312746
-312336
-312098
-311944
-311937
-311677
-311551
-311030
-310827
-310808
-310623
-310159
-310133
-310066
-309971
-309896
-309862
-309818
-309705
-309535
-309246
-309233
-308963
-308184
-308084
-307927
-307882
-307788
-307540
-307077
-306881
-306721
-306697
-306387
-306298
-305913
-305808
-305504
-305377
-305179
-305147
-305071
-305024
-304915
-304739
-304684
-304536
-304489
-304457
-304135
-304038
-303933
-303851
-303739
-303638
-303278
-302971
-302730
-302449
-302385
-302361
-302016
-301701
-301672
-301410
-301131
-301040
-301006
-300896
-300824
-300751
-300713
-300604
-300517
-300083
-299858
-299852
-299679
-299469
-299279
-299278
-298897
-298580
-298532
-298394
-298274
-297918
-297161
-297061
-296908
-296732
-296485
-296251
-296246
-296080
-296058
-295936
-295729
-295675
-295628
-295601
-295311
-295310
-294979
-294874
-294568
-294487
-294313
-294310
-294041
-293428
-293414
-293056
-292941
-292940
-292853
-292678
-292651
-292569
-291993
-291854
-291845
-291490
-291331
-291140
-290784
-290030
-289941
-289687
-289447
-289334
-289022
-288965
-288868
-288711
-288266
-288168
-288058
-287957
-287608
-287349
-287187
-287056
-287019
-286703
-286685
-286493
-286217
-286000
-285871
-285752
-285725
-285253
-285121
-284811
-284811
-284697
-284613
-284321
-284083
-283856
-283755
-283518
-283388
-283243
-282931
-282925
-282571
-282552
-282470
-282291
-282238
-282221
-282089
-282007
-281848
-281680
-281603
-281478
-281467
-281155
-281017
-280830
-280660
-280442
-280258
-280109
-279978
-279924
-278219
-278213
-278206
-278095
-278059
-278026
-277625
-277418
-277417
-277293
-276731
-276611
-276478
-276275
-276177
-275993
-275740
-275324
-275238
-275071
-274949
-274372
-274356
-274280
-273680
-273485
-273422
-273014
-272892
-272890
-272877
-272553
-272513
-272419
-272280
-272091
-271611
-271572
-271433
-271357
-271357
-271307
-271163
-270634
-270608
-270586
-270583
-270563
-270043
-269939
-269718
-269645
-269413
-269394
-269304
-269276
-269155
-268955
-268157
-268086
-268022
-267154
-267032
-266855
-266477
-266302
-266055
-265845
-265287
-265072
-264437
-264378
-264046
-264000
-263664
-263492
-263398
-263381
-263070
-263057
-262890
-262856
-262770
-262651
-262221
-261781
-261524
-261388
-261341
-261333
-261071
-260782
-260331
-259760
-259468
-259315
-259296
-259283
-259150
-258924
-258786
-258514
-258491
-258310
-258246
-257888
-257756
-257542
-257514
-257491
-257363
-257263
-257227
-257180
-257078
-256964
-256942
-256860
-256790
-256641
-256577
-256455
-256439
-256306
-256035
-255844
-255767
-255624
-255282
-254876
-254836
-254715
-254573
-254498
-254195
-254069
-253986
-253448
-253399
-253039
-252739
-252457
-252180
-252130
-251937
-251764
-251492
-251225
-251167
-251160
-251001
-250998
-250474
-249907
-249743
-249738
-249379
-249301
-249233
-248931
-248311
-248309
-248097
-247802
-247666
-247644
-247639
-247425
-247362
-247292
-247080
-246997
-246841
-246557
-246529
-246392
-246328
-246203
-246140
-245775
-245735
-245705
-245623
-245607
-245437
-245314
-244454
-244259
-244218
-244157
-244122
-244084
-243968
-243849
-243667
-243531
-242747
-242736
-242645
-242136
-241737
-241013
-240365
-240112
-239884
-239831
-239806
-239473
-239242
-239098
-238943
-238891
-238803
-238613
-238398
-237734
-237614
-237417
-237222
-237170
-236365
-236323
-236247
-235618
-235307
-234682
-234208
-234058
-233717
-233521
-233273
-233074
-232865
-232829
-232614
-232462
-232155
-232056
-231826
-231702
-231638
-231574
-231534
-231421
-231270
-231256
-231008
-230374
-230133
-230082
-230043
-229974
-229966
-229812
-229493
-229313
-229171
-228789
-228777
-228530
-228173
-228162
-227921
-227744
-227566
-227501
-226924
-225963
-225506
-225362
-225319
-225234
-225082
-225010
-224756
-224583
-224576
-223945
-223860
-223810
-223510
-223174
-223130
-223121
-223005
-222987
-222714
-222653
-222521
-222435
-222053
-221832
-221380
-221334
-221271
-221245
-220844
-220826
-220671
-220598
-220517
-220329
-220229
-220124
-219896
-219809
-219650
-219588
-219440
-219388
-219276
-218917
-218830
-218804
-218384
-218324
-218293
-218088
-217983
-217692
-217257
-217144
-217095
-217026
-216704
-216669
-216552
-216523
-216370
-216347
-216155
-215980
-215743
-215725
-215351
-215238
-215122
-215062
-214951
-214854
-214749
-214728
-214646
-214582
-214388
-214031
-213845
-213838
-213399
-213278
-212585
-212391
-212201
-211922
-211918
-211701
-211511
-211199
-211154
-210952
-210749
-210645
-210597
-210566
-210520
-210461
-210227
-210154
-210152
-210118
-209384
-208853
-208661
-208544
-208292
-208237
-208014
-207728
-207681
-207520
-207439
-207428
-207275
-207224
-207069
-206503
-206156
-205903
-205668
-205513
-205333
-204679
-204672
-204208
-204200
-204070
-203702
-203546
-203538
-203479
-203407
-203345
-202873
-202841
-202732
-202461
-202125
-202116
-201269
-201105
-201055
-200431
-200415
-200282
-200240
-200123
-199982
-199516
-199499
-199333
-199153
-199058
-198616
-198117
-197438
-197378
-197341
-197099
-196834
-196695
-196343
-196326
-196321
-196056
-195683
-195646
-195485
-195476
-195095
-194977
-194829
-194762
-194401
-194117
-193558
-193373
-193205
-193138
-193087
-193075
-192519
-192358
-192218
-192051
-191933
-191779
-191596
-191492
-191254
-190966
-190900
-190085
-189731
-189371
-189247
-189094
-188531
-188145
-187955
-187838
-187525
-187137
-186824
-186659
-186500
-186244
-186115
-185710
-185591
-185531
-185508
-185492
-185331
-185313
-185278
-184732
-184321
-184278
-184033
-184019
-184013
-183989
-183919
-183621
-183102
-182975
-182722
-182120
-181430
-181170
-181096
-181002
-180515
-180385
-180331
-180247
-180223
-179731
-179553
-179503
-179502
-179082
-178913
-178605
-178387
-178172
-177587
-177256
-177116
-177037
-177009
-176574
-176542
-176482
-176223
-176175
-175979
-175827
-175754
-175734
-175294
-174582
-174573
-174514
-174191
-174191
-174123
-174058
-173993
-173978
-173548
-173476
-173130
-172992
-172987
-172900
-172510
-172320
-172243
-171919
-171665
-171442
-171255
-171247
-171138
-170677
-170211
-170007
-169300
-169160
-168752
-168460
-168276
-168064
-167801
-167638
-167205
-167016
-166882
-166187
-166160
-166052
-165991
-165626
-165495
-165280
-165161
-165159
-165158
-164841
-164807
-164618
-164586
-164422
-164261
-163803
-163404
-163369
-163327
-163086
-162494
-162068
-161830
-161557
-161358
-160767
-160638
-160579
-160488
-160402
-160090
-160059
-160032
-159479
-159379
-159333
-159108
-159108
-158878
-158640
-158448
-158434
-157979
-157795
-157467
-157412
-155792
-155511
-155155
-155066
-155064
-154938
-154237
-153809
-153474
-153391
-152604
-152211
-152065
-151666
-151516
-151445
-151418
-151414
-151340
-151286
-151207
-150989
-150833
-150823
-150649
-150319
-150274
-150270
-150091
-149832
-149580
-149576
-149498
-149386
-149295
-149173
-148925
-148822
-148620
-148302
-148094
-148089
-147827
-147666
-147260
-147074
-146978
-146670
-145952
-145948
-145722
-145297
-145167
-144933
-144812
-144518
-144381
-144375
-144345
-144216
-144095
-143993
-143916
-143647
-143613
-143463
-143387
-142918
-142368
-142313
-142104
-142047
-141658
-141615
-141565
-141037
-140511
-140361
-140337
-140089
-139912
-139806
-139662
-139279
-139216
-139214
-139103
-138597
-138509
-138452
-138420
-138229
-137999
-137930
-137889
-137797
-137637
-137357
-137009
-136959
-136517
-136133
-135951
-135895
-135620
-135530
-135514
-135375
-135335
-134953
-134676
-134494
-133994
-133717
-133651
-133516
-133410
-133369
-133219
-133189
-132926
-132696
-132579
-132133
-131861
-131833
-131693
-131691
-131211
-131205
-131144
-131012
-131002
-130139
-129943
-129883
-129578
-129497
-129369
-128994
-128942
-128874
-128801
-128547
-128520
-128413
-128257
-128193
-127925
-127782
-127648
-127310
-127213
-127024
-126897
-126652
-126577
-126555
-126423
-125997
-125973
-125398
-124984
-124887
-124836
-124505
-124336
-123870
-123492
-122459
-122426
-121828
-121614
-121535
-121436
-121318
-121274
-121273
-120891
-120630
-120557
-120064
-120050
-119983
-119919
-119580
-119471
-119147
-118905
-118122
-117971
-117939
-117172
-117119
-116677
-116533
-116427
-116422
-116377
-116077
-115906
-115888
-115754
-115727
-115639
-115554
-115380
-115348
-115163
-114756
-114695
-114602
-114475
-114356
-113858
-113849
-113682
-113637
-113028
-113007
-112701
-112414
-112233
-112052
-111945
-111668
-111539
-111413
-110811
-110786
-110757
-110278
-110074
-110055
-109402
-109207
-109149
-108844
-108816
-108500
-108469
-108261
-108204
-107886
-107447
-106766
-106624
-106568
-106372
-106315
-106286
-106161
-106001
-105945
-105631
-105514
-104836
-104777
-104721
-104692
-104477
-104242
-104149
-104134
-104125
-103649
-103219
-102987
-102909
-102608
-102456
-102302
-102036
-101968
-101911
-101909
-101264
-101128
-100742
-100550
-100020
-99977
-99939
-99934
-99739
-99360
-99245
-98898
-98886
-98829
-98785
-98636
-98442
-98422
-98102
-97950
-97683
-97547
-97499
-97431
-97332
-97292
-97235
-97185
-97143
-97078
-96905
-96555
-96518
-96502
-96082
-96014
-95537
-95316
-95228
-94741
-94659
-94421
-93714
-93588
-93392
-93272
-92867
-92750
-92478
-92217
-92174
-91991
-91943
-91936
-91895
-91620
-91488
-91460
-91452
-91439
-91384
-91358
-91208
-90993
-90770
-90707
-90654
-90488
-90461
-90407
-90288
-90273
-90088
-89625
-89590
-89245
-89023
-88792
-88598
-88522
-88511
-87437
-87305
-87268
-87178
-86174
-86029
-86007
-85911
-85125
-85099
-85024
-84940
-84477
-84206
-83834
-83822
-83481
-83412
-83087
-83042
-82880
-82801
-82765
-82625
-82555
-82394
-81505
-81116
-81116
-81030
-80930
-80884
-80461
-80219
-80016
-79922
-79532
-79482
-78571
-78349
-78319
-78234
-77697
-77139
-77065
-76200
-76172
-75922
-75383
-75289
-75224
-74911
-74854
-74753
-74732
-74445
-74399
-74382
-73535
-73060
-72804
-72648
-72473
-72313
-72232
-72230
-72177
-72141
-72012
-71813
-71721
-71533
-71359
-71271
-70856
-70656
-69963
-69929
-69341
-69144
-68711
-68681
-68628
-68231
-68230
-67766
-67656
-67098
-67078
-66961
-66842
-66548
-66436
-65823
-65735
-65650
-65549
-65389
-65065
-65062
-64951
-64745
-64741
-64725
-64710
-64622
-64596
-64519
-64391
-64259
-64202
-63602
-63339
-63310
-62653
-62345
-62237
-61946
-61841
-61646
-61402
-61331
-61076
-60869
-60794
-60390
-60339
-60097
-60019
-59513
-59512
-59391
-59129
-59107
-59070
-58925
-58785
-58523
-58436
-58345
-58217
-58113
-58063
-57920
-57610
-57260
-56836
-56510
-56469
-56301
-55659
-55485
-55381
-55241
-55228
-55215
-55091
-55086
-55034
-54805
-54755
-54390
-54314
-54278
-54227
-54181
-54089
-53912
-53727
-53489
-53444
-53339
-53285
-53157
-52765
-52655
-52639
-52387
-52265
-52227
-52141
-51782
-50951
-50868
-50785
-50290
-50246
-50183
-49670
-49663
-49602
-49380
-49334
-49223
-48816
-47842
-47656
-47399
-47365
-47074
-46705
-46450
-46316
-46179
-46165
-46074
-45855
-45734
-45722
-45635
-45475
-45423
-45090
-45078
-45049
-44974
-44624
-44493
-44119
-43816
-43719
-43569
-43533
-43233
-43135
-42818
-42397
-42289
-42287
-42076
-41671
-41592
-41477
-41431
-41386
-41066
-40947
-40531
-40367
-40163
-39970
-39970
-39448
-39421
-39129
-38809
-38624
-38577
-38260
-38141
-38132
-37599
-37575
-37571
-37563
-36949
-36938
-36114
-36080
-35763
-35748
-35484
-35473
-35456
-35340
-35340
-35240
-34960
-34741
-34719
-34481
-34199
-34102
-34034
-34018
-33827
-33705
-33139
-32660
-32206
-32193
-31830
-31701
-31380
-30431
-29895
-29783
-29768
-29760
-29703
-29675
-29556
-29540
-29491
-29476
-29469
-29396
-29295
-28706
-28652
-28647
-28267
-28101
-28089
-28085
-27959
-27476
-27265
-27243
-26578
-26174
-26112
-25987
-25630
-25484
-25281
-25172
-25153
-24760
-24463
-24446
-24359
-24180
-23972
-23883
-23829
-23492
-23455
-23298
-23032
-22709
-22705
-22652
-22455
-22356
-22185
-21890
-21852
-21839
-21766
-21615
-21325
-21243
-21231
-20633
-20517
-20485
-20472
-20165
-19339
-19313
-18739
-18652
-18646
-18462
-18408
-18308
-18079
-17589
-17429
-17353
-17271
-17186
-16998
-16825
-16113
-16045
-16019
-15931
-15813
-15608
-15238
-14582
-14486
-14471
-13840
-13820
-13809
-13590
-13463
-12863
-12763
-12713
-12602
-12486
-12295
-12002
-11983
-11749
-11739
-11664
-11427
-11325
-10610
-10586
-10529
-9982
-9941
-9295
-9268
-9164
-8870
-8771
-8763
-8658
-8620
-8572
-8322
-8135
-7720
-7115
-6968
-6620
-6229
-6158
-5965
-5949
-5416
-5228
-4971
-4898
-4877
-4819
-4700
-4376
-4319
-4283
-4096
-3997
-3907
-3625
-3513
-3389
-2882
-2307
-2103
-2007
-1717
-1404
-769
-311
-270
183
273
296
379
523
808
1308
1371
1891
2001
2554
2709
2768
2979
3609
3897
4053
4403
4404
4932
5320
5418
5609
5761
5987
6073
6470
6676
6886
6970
6974
7193
7245
7346
7363
7446
8217
8271
8551
8802
9497
9522
9673
9857
9931
10168
10416
10420
10533
10608
10734
11220
11627
12353
12389
12762
12916
12988
13085
13139
13255
13292
13510
13564
13569
13619
13858
14358
14394
14553
14665
14751
14839
15053
15071
15138
15146
15161
15177
15204
15433
15873
15983
16102
16303
16393
16951
17050
17195
17226
17439
17699
17924
18069
18086
18220
18283
18466
18704
18773
18835
18908
18931
18947
18955
19087
19167
19509
19725
19758
19954
20404
20528
20716
20742
20941
21060
21384
21531
21882
23057
23223
23709
23843
24011
24156
24405
24576
24580
24746
24772
24841
24931
25143
25559
25771
25850
25968
26116
26315
26415
26931
27449
27618
27655
27664
28211
28226
28335
29017
29061
29632
29634
29695
29808
29883
29967
29988
30151
30337
30340
30465
30534
30540
30604
30871
31133
31307
31328
31561
31625
31669
31712
31730
31898
31906
32005
32189
32305
32909
32944
33000
33484
33702
33897
33950
34017
34248
34426
34794
34878
35080
35246
35464
35638
35952
36114
36171
36732
36740
36901
36977
37056
37065
37167
37303
37958
38001
38313
38343
38642
38679
38769
38811
38848
38907
39133
39162
39530
40060
40186
41218
41396
41480
41706
42249
42348
42376
42408
42508
42812
43268
43358
43517
43529
43556
43745
43957
44200
44244
44346
44381
44508
44698
44707
44791
44942
45150
45700
45916
46302
46542
46755
46912
47280
47350
47504
47638
47748
48168
48251
48403
49002
49249
49437
49476
49670
49767
49794
49976
50040
50173
50346
50534
50647
51107
51198
51727
51743
52582
52674
52915
53256
53524
53870
53924
53998
54175
54257
54273
54306
54383
54396
54817
54986
55009
55044
55155
55380
55403
55439
55537
55746
56227
56288
56330
56373
56657
56941
57172
57348
57401
57415
58049
58326
58445
58493
58532
59001
59511
59615
59759
59900
59952
60050
60334
60379
60546
60775
60819
61258
61323
62194
62206
62372
62386
62429
63028
63258
63523
63688
63757
64235
64399
64951
65113
65620
65740
65814
66414
66927
66948
67022
67188
67230
67256
67454
68018
68294
68841
69293
69428
70267
70736
71163
71234
71287
71366
71618
71714
71855
71995
72293
72954
73074
73291
73308
73430
73741
73937
73966
74110
74167
74349
74591
74793
74969
75037
75053
75302
75430
75649
75710
75783
76014
76125
76217
76281
76336
76472
77262
77463
77758
77897
77945
78160
78464
78535
78784
78833
79651
79742
80133
80332
80408
80425
80779
80962
81485
82016
82149
82284
82614
82764
82820
83038
83614
83702
83879
83928
84184
84577
85613
85683
85751
86216
86258
86397
86483
86947
86985
87093
87274
87581
87616
87850
88190
88442
88627
88869
88948
89020
89541
89640
89641
89686
89999
90066
90360
90511
91016
91060
91221
91471
91505
91567
91582
91623
91638
92441
92455
92477
93013
93239
93352
93667
93789
93911
93967
94006
94597
95058
95074
95159
95340
95842
95898
96006
96523
97181
97274
97548
97656
97682
97696
97762
97839
98052
98101
98158
98231
98673
98746
98943
99213
99312
99357
99522
100174
100191
100546
100666
100908
101095
101153
101233
101282
101418
101463
102006
102430
102890
103221
103360
103506
103876
104598
104665
104720
105105
105144
105232
105626
105926
106177
106190
106709
106790
106851
107435
107706
107859
107973
108160
108295
108481
108519
108631
108711
108980
109084
109347
109511
109574
109986
110362
110636
110744
111230
111367
111883
111931
112061
112259
112347
112591
113214
113466
114005
114153
114370
114444
114446
114545
114773
114792
114834
115016
115026
115126
115176
115265
115492
115500
115745
115930
116189
116278
116768
116896
116921
117061
117491
117844
117868
118187
118876
118952
119266
119461
119582
119670
119959
120236
120330
120434
120751
120807
120851
121178
121258
121272
121747
121753
122277
122352
122656
122777
122892
123153
123369
123886
123898
123974
124123
124177
124261
124389
125091
125624
125737
125746
125754
126478
126530
126565
126871
127131
127156
127249
127666
127853
128000
128240
128285
128371
128477
128685
128751
128775
129093
129592
129906
130376
130518
130599
131029
131126
131229
131324
131482
131626
132062
132382
132675
133428
133495
133577
133683
133702
133853
133864
133966
134640
134821
134892
135115
135115
135286
135453
135491
135778
136141
136378
136525
136588
136599
136619
136634
136837
137814
137942
138142
138469
138642
138663
138820
138822
139038
139120
139410
139508
139542
139615
139947
140041
140155
140447
140472
140701
140856
141178
141268
141368
141537
141561
141946
142071
142532
142554
142889
142928
143032
143132
143410
144617
144654
144661
144917
145061
145147
145734
146018
146178
146219
146260
146292
146633
146719
147261
147261
147266
147369
147763
147842
148058
148709
148758
148787
149393
149445
149723
149887
149999
150010
150334
150847
151022
151077
151180
151321
151370
151514
151677
152033
152042
152046
152076
152430
152500
152702
152986
153211
153396
153945
154008
154036
154064
154083
154214
154325
154615
154902
155038
155292
155590
155980
156140
156172
156191
156228
156454
156782
156874
157016
157334
157345
157392
157575
157576
157793
157835
157938
157949
158034
158407
158421
158537
159122
159326
159736
159958
159967
159983
160054
160250
160546
160739
160748
161758
161848
162074
162134
162494
162494
162574
162921
163447
163471
163491
163786
163817
164052
164311
164359
164427
165031
165403
165706
165848
166308
166409
166438
166467
166541
166618
166737
167672
168182
168265
168396
168559
168562
169889
170004
170060
170496
170544
170630
171291
171386
171430
171624
171790
171965
172489
172509
172573
172820
172852
173714
173718
173782
173816
173843
174173
174311
174329
174832
174865
175576
175611
175953
176305
176518
176655
176695
176828
177209
177467
177780
178287
178612
178879
179175
179317
179503
179634
179646
179725
179872
180050
180331
180557
181219
181333
181365
181438
181445
181965
181991
182051
182208
182424
182783
183114
183232
183534
183541
183594
183704
183930
184233
184245
184403
184668
184956
185154
185727
186377
186498
186562
186814
187012
187030
187238
187259
187296
187963
188023
188687
188751
188944
189126
189146
189383
189462
189588
189662
189695
189799
189909
190049
190153
190244
190281
190372
190681
190724
191155
191242
191267
191382
191771
191946
191970
192934
193116
193193
193199
193404
193510
193738
193836
193870
194065
194401
194463
194813
194895
195087
195188
195434
195586
195947
196141
196219
196325
196528
196882
196968
197051
197069
197624
197628
197774
197801
197967
198237
198306
198431
198479
198498
198700
199018
199139
199374
199399
199427
199832
199960
199979
201009
201410
201691
201714
201795
201803
202307
202393
202735
202801
202805
203322
203340
203368
203384
203911
204020
204755
204788
204842
205199
205417
205667
206135
206299
206351
206829
206856
206967
206980
207117
207457
207468
207731
207779
208024
208242
208390
208558
208845
209133
209182
209245
209491
209708
209742
209754
210111
210446
210905
211040
212478
212614
212677
212818
212925
213217
213615
213672
214058
214077
214267
214332
214364
214722
215013
215092
215515
215774
215950
216041
216043
216371
216826
216837
217383
217553
217646
217652
217991
218125
218248
218258
218276
219131
219419
219742
220138
220214
220266
221068
221170
221602
221689
221882
221931
221962
221989
222051
222296
222308
222312
222317
222641
222675
222706
223030
223429
223496
223552
223946
224033
224351
224597
224665
225441
225936
225967
226008
226050
226099
226406
226552
227232
227670
228006
228656
228705
228928
228960
229116
229512
230298
230298
230360
230559
230870
230918
231235
231341
231585
231681
231766
232026
232130
232312
232849
232852
232904
233254
234731
234839
235111
235200
235294
235357
235359
235423
236020
236894
237508
237773
238251
238290
238736
238758
239057
239549
239559
239776
240053
240165
240354
240368
240407
240438
240695
240790
240999
241260
241561
242061
242081
242341
242847
243233
243407
243590
243729
243847
244017
244089
244107
244109
244242
244306
244570
244589
245043
245269
245350
245506
245545
245849
246244
246294
246586
246628
246685
246807
246945
246968
246991
247549
247573
247832
247912
248115
248510
248869
249049
249274
249516
249534
249884
250293
250584
251427
252215
252292
252804
252810
252900
253143
253411
253831
254190
254572
254635
254865
254883
254910
254912
255179
255373
255471
255568
256176
256181
256365
256565
256672
256851
257013
257042
257167
257430
257594
257623
257714
257873
258016
258081
258664
258710
258847
259023
259166
259646
259730
260013
260391
260533
260548
261110
261189
261419
261502
261549
261585
261630
261692
261748
261780
261956
262331
262524
262692
262709
262916
262972
263104
263221
263484
263691
263990
263991
264045
264063
264504
264597
264894
264922
265369
265390
265827
265836
265843
266003
266457
266496
266544
266891
266957
266996
267515
267663
267723
267994
267997
268008
268044
268057
268161
268404
268483
269041
269226
269684
269887
270418
270530
270559
270785
270942
271003
271060
271501
271843
271986
272024
272032
272197
272387
273720
273831
274124
274164
274340
274408
274754
275078
275275
275376
275391
275556
275658
275929
276114
276513
276880
276950
277021
277067
277398
277401
277678
278158
278690
278817
279373
279435
279482
279707
279756
279956
280066
280069
280230
280250
280335
280354
280485
280535
280766
280887
281205
281210
281452
281522
281857
282362
282425
282633
282954
283257
283295
283378
283397
283606
284260
285526
285612
286140
286475
287133
287180
287207
287559
287576
287630
287840
288282
288362
288439
289146
289376
289706
290050
290478
290593
290792
291120
291291
291363
291382
291456
292233
292250
292360
292375
292514
292641
292765
293037
293174
293347
293753
293826
293875
293925
294095
294229
294596
294615
294952
295529
295631
295664
295996
296144
296183
296342
296662
296700
296941
296952
297816
297820
298186
298496
298844
298910
299117
299168
299582
299682
299932
300116
300557
300640
300820
300847
300856
301020
301727
301728
301774
302682
302735
303213
303320
303417
304089
304140
304625
304765
304828
305274
305613
305814
305924
306133
306135
306149
306567
306937
307002
307333
307669
308402
308422
308510
308698
308735
308860
309033
309080
309269
309465
309967
309989
310284
310521
310622
310643
310797
310966
311181
311377
311551
311907
311965
312118
312169
312610
312721
312876
313019
313021
313143
313173
313666
313712
313818
313961
314134
314355
314465
314693
314865
314907
315275
315473
315751
315821
315939
316282
316372
316899
317275
317445
317569
317815
317870
317917
318025
318398
318469
318634
318636
318789
318850
319670
321403
321827
321979
322161
322177
322202
322738
322863
323492
324163
324168
324231
324331
324411
324426
324799
325086
325266
325271
325563
325641
325816
325872
326361
326537
326781
326788
326905
326948
327363
327742
328054
328111
328116
328403
328609
328728
328828
328856
328905
329005
329200
329425
330196
330210
330300
330570
330738
330770
331272
331676
332091
332641
333042
333174
333317
333678
333718
333751
333823
334214
334384
334554
334816
334851
335296
335426
335608
335758
335827
335898
336157
336166
336387
336431
336591
336769
336814
337004
337083
337413
337508
337578
337906
337918
338261
338384
338767
339109
339287
340176
340255
340539
340593
340775
341036
341820
341834
342221
342241
342305
342610
342628
342645
342702
343172
343651
343760
343889
344001
344312
344327
344630
344850
345199
345234
345241
345562
345571
345683
345875
346172
346391
346623
346850
346870
347017
347062
347091
347229
347325
347344
347357
347732
347985
348585
348833
349144
349210
349280
349355
349654
349985
350094
350171
350330
350362
350384
350617
351131
351137
351280
351473
351560
351989
352115
352327
352334
352630
352725
352869
353094
353143
353235
353301
353687
353748
353763
354205
354447
355128
355225
355261
355602
355612
355637
355639
355799
355889
355975
356254
356508
357386
357925
358219
358742
358743
358755
358856
358948
359322
359456
359673
359728
359804
360080
360260
360262
360544
360681
360803
360881
360891
360926
361179
361290
361515
362886
362900
362963
363063
363314
363488
363598
363612
363849
363916
364386
364388
364704
364853
365438
365472
365607
365817
365859
366378
366659
366889
367201
367366
367564
367602
367663
367726
367879
367883
367937
368722
368754
369042
369395
369642
369699
369834
370162
370629
370935
370959
371044
371555
371883
371890
372012
372157
372235
372240
372418
372462
372866
373120
373161
373432
373555
373645
373657
373728
373731
373745
373841
373969
374169
374274
374401
374443
374989
375115
375168
376351
376368
376419
376524
376586
377102
377247
377510
377621
377865
377920
377977
378100
378145
378248
378415
378417
378475
378783
378876
378997
378999
379270
379284
379401
379502
379891
380318
380376
380383
380789
380920
380996
381117
381143
381183
381191
381695
382081
382966
382980
383244
383350
384250
384376
384722
384846
384939
385290
385681
385978
386101
386183
386257
386443
386538
387429
388268
388422
388548
389011
389073
389147
389353
389360
389480
389584
389645
390361
390518
390537
390606
390676
390798
391104
391268
391527
391529
391584
391951
391964
392156
392336
392939
393126
393285
393344
393531
393738
394142
394195
394220
394305
394420
394619
394750
394856
395041
395050
395204
396184
396232
396246
396565
396836
396948
397492
397721
397842
398025
398364
398624
398693
399180
399688
399691
399908
400132
400160
400821
400849
401036
401140
401309
402080
402108
402226
402319
402441
402461
402742
402830
403502
403512
403697
403718
403755
403783
403803
404406
404443
404519
404566
404790
405155
405404
405468
405519
406684
406781
407203
407325
407525
407584
407621
408005
408041
408059
409311
409401
409683
409815
409858
410009
410102
410395
411305
411609
411685
411805
411995
412006
412212
412229
412900
412933
413648
414214
414342
414411
414555
414562
414825
415062
415232
415240
415499
415638
415662
415745
415947
416275
416339
416478
417327
417418
417888
418050
418409
418474
419146
419224
419294
419303
419516
419569
419623
419832
419857
420221
420258
420337
420738
420786
420849
420943
421009
421560
421652
421715
421887
421971
422063
422403
422622
422769
422837
422980
423443
423897
424092
424094
424221
424262
424321
424403
424566
424582
424586
424940
425108
425215
425216
425227
425292
425359
425675
426281
426483
426585
426879
427050
427193
427220
427820
428445
428470
428698
428818
428821
428999
429014
429388
429390
429830
430055
430101
430228
430265
430729
430913
431022
431181
431221
431269
431474
431975
431982
432250
432386
432449
432540
432806
432893
432956
433028
433035
433084
433085
433330
433578
433612
433667
433776
433883
433885
433934
434238
434577
434837
434943
435239
435370
435470
435988
436122
436191
436209
436420
436422
436480
436667
437159
437267
437282
437519
438151
438183
438188
438348
438654
438782
438791
439139
439428
439590
439848
440239
440281
440310
440448
440978
441009
441056
441368
441604
441607
441951
442112
442411
442539
442835
443303
443354
444010
444053
444136
444596
445399
445530
445692
445773
445938
446494
447043
447603
448088
448817
448999
449186
449231
450381
450547
450550
450714
450750
451128
451343
451667
451841
452305
452312
452429
453054
454194
454263
454555
454797
455037
455190
455256
455490
455549
455698
455907
456469
456780
456969
457080
457149
457363
457366
457756
457773
457787
457789
457925
458025
458238
458483
458634
458936
459140
459282
459304
459319
459472
459860
459941
460576
460782
461126
461319
461424
461569
461721
462132
462456
462534
462596
462604
462696
463624
464513
464795
464813
465077
465170
465339
465348
465434
465536
465668
465708
465801
465856
466021
466106
466111
466362
466761
467570
467938
468228
468303
468528
468845
469019
469083
469104
469315
469472
469983
470212
471344
471444
471448
471731
471876
471911
472174
472753
473385
473781
473993
474294
474602
474909
475023
475678
475679
475726
475929
475972
475992
476267
476563
477380
477867
477972
477992
478214
478250
478648
478831
478941
479039
479475
479630
479670
479778
480484
480519
480888
480997
481287
481327
481828
481859
481907
481940
481971
482076
482138
482460
482482
483055
483456
483696
483742
483816
484208
484215
484227
484519
484672
485567
485649
485709
485844
486011
486229
486379
486486
486592
486731
487074
487460
487674
488054
488518
488521
488640
488644
488972
489018
489536
489853
489991
490148
490408
490520
490530
490535
490742
490797
490888
490935
491400
491437
491517
491773
491939
492067
492468
492941
493005
493098
493193
493311
493447
493813
493868
493959
494335
494337
494964
495074
495086
495416
495570
495706
495964
496648
496755
496973
497088
497496
498186
498388
498694
498813
498851
499311
499398
499462
499696
499866
500464
500636
500959
501044
501061
501150
501339
501656
501723
501860
501868
502217
502495
502561
502888
503054
503099
503353
503359
503649
503867
503919
504162
504248
504258
504268
504604
504824
504963
505435
505572
505592
505890
506015
506174
506351
506442
506479
506510
506553
506563
506725
506826
506870
507121
507604
507982
508135
508569
508805
508881
509022
509430
509512
509680
509680
509940
510033
510287
510917
511056
511350
511502
511554
511560
511683
511984
512018
512112
512233
512245
512259
512494
512672
513086
513166
513193
513201
513219
513350
513478
513887
514146
514157
514957
515213
515377
515735
515993
516060
516104
516184
516325
516360
516409
516426
516982
517214
517403
517430
517532
517575
517619
517675
518866
519462
520132
520213
520501
520827
521307
521349
521569
522084
522290
522428
523429
523578
523643
523718
523756
523786
523994
524086
524253
524431
524538
524982
524997
525335
525870
525993
526128
526128
526249
526355
526802
526973
526988
527121
527542
527648
527878
527904
527935
527972
528131
528711
528932
528963
529079
529419
529665
529855
530605
530641
530683
530925
530927
531122
531358
531818
531866
531924
532053
532153
532664
532930
533162
533794
533875
533990
534054
534055
534360
534466
534499
534528
534852
534880
535148
535218
535465
535513
535565
535571
535626
535733
535965
536181
536293
536377
536623
536723
537287
537551
537751
537773
538188
538364
538551
538830
539007
539633
539829
539971
540263
540411
540447
540503
540612
540904
540914
540959
541260
541768
541926
542170
542407
542461
543295
543312
543488
543525
543672
543757
544139
544324
544685
545686
545840
546413
546676
547193
548178
548356
548460
548672
548678
549004
549013
549019
549120
549202
549465
549562
549587
549693
550372
550773
551159
551167
551237
551286
551388
551521
551712
551886
551985
552182
552454
552625
553057
553196
553338
553509
553544
553575
553714
553813
553876
554338
554823
555113
555166
555302
555445
555709
555785
555946
556017
556110
556955
557037
557200
557422
557445
557624
557798
557813
557819
557821
557847
557881
558583
558933
558973
559864
560079
560856
561195
561207
561321
561387
561515
561702
561716
561720
562294
562734
562939
563725
563810
563824
563881
563882
564251
564272
564330
564437
564488
564488
564523
564693
564816
565007
565024
565263
565451
565516
565705
566059
566555
566578
566612
566615
566674
566690
566744
566855
567003
567185
567379
567410
567742
567877
568865
569320
569344
569535
569870
569954
570084
570114
570156
570271
570384
570389
570495
570804
570920
571018
571770
572150
572170
572358
572596
572600
572730
572912
573237
573645
573967
574348
574360
574370
574482
574859
575140
575238
575411
575433
575553
575695
575814
575936
576339
576623
576626
576680
576910
577219
577747
578011
578044
578089
578193
578336
578732
578920
579006
579268
579413
580368
580452
580629
580791
580856
581116
581189
581282
581353
581404
581625
581914
582071
582116
582600
582658
582796
582824
582899
583109
583118
583149
583181
583239
583386
583425
583466
583673
583931
583972
584617
584633
584788
585005
585347
585513
585584
585627
585673
585937
586028
586220
586987
587290
587430
587575
587806
587839
587900
588106
588206
588219
588258
588295
588345
588467
588738
589016
589040
589207
589569
589750
590150
590222
590445
590536
590555
590711
590721
590741
591031
591039
591280
591409
591524
592088
592234
592533
592805
593012
593147
593366
593758
593897
594279
594316
594420
594737
594954
595172
595347
595367
595468
595520
595693
595709
595724
595974
596011
596196
597029
597126
597139
597182
597423
597712
597814
598095
598206
599183
599208
600062
600237
600260
600369
600616
600625
600764
600765
600949
601754
601758
602765
603274
603302
603813
604043
604542
604843
605191
605322
605371
606163
606230
606435
606463
606610
606689
606970
606973
607027
607370
607378
607414
607444
607516
607985
608371
608570
608644
608802
608816
608838
608899
608941
609330
609613
609908
609935
610374
610405
610431
611093
611123
611333
611353
611454
611691
612066
612141
612199
612477
612872
612885
612954
613150
613284
613456
613482
613658
613680
613932
614126
614444
614487
614850
615052
615128
615157
615285
615324
616002
616407
616726
617102
617223
617257
617280
617426
617534
617782
617847
618022
618091
618463
618706
619027
619288
619419
619779
619796
619852
619991
620143
620183
620490
621007
621104
621159
621862
622643
622861
623008
623123
623190
623208
623642
623766
623843
624128
624249
624367
624521
624586
624685
624760
625094
625443
625781
625922
626271
626407
626482
626651
626804
627154
627236
627472
627828
627883
628288
628416
628442
628487
628543
628591
628807
628894
629156
629214
629297
629322
629399
629754
630215
630871
630929
631057
631361
631432
631604
631743
631894
632136
632403
632722
632787
632924
632965
633265
633297
633653
633792
633799
633866
633935
633973
634328
634513
634556
634690
634783
634839
635151
635168
635520
635536
635550
635550
635668
635797
635917
635957
636031
636319
636548
636865
637050
637083
637457
637467
637692
637743
637846
638046
638127
638772
638874
639012
639258
639397
639445
639982
640053
640311
640326
640748
640763
640864
640997
641132
641348
641439
641541
641795
641845
641934
642032
642198
642669
642696
642797
643216
643377
643450
643573
643756
643809
644033
644051
644577
644737
644892
644948
644983
645068
645088
645685
646080
646616
646807
646935
647270
647318
647883
648062
648208
648359
648521
648588
649914
649915
650103
650189
650860
651545
651755
652138
652472
652696
652779
652941
653242
653322
653556
653695
654353
654470
654667
654690
654735
654873
655337
655562
655866
656106
656456
656648
656806
656956
657077
657219
657327
657552
657836
657919
657940
657944
658114
658127
658198
658214
658451
658464
658503
658656
658762
658820
659469
659503
659678
659755
659848
660394
660910
661035
661070
661204
661249
661310
661446
661775
662025
662095
662352
662358
662430
662451
662455
662509
663252
663254
663606
663759
663860
663966
664139
664242
664535
664723
664757
665003
665341
665487
665808
666248
666252
666710
667268
667560
667679
667750
667768
667863
667881
667903
667950
668150
668361
668959
669119
669207
669541
669552
669865
670129
670297
670577
670658
670676
670728
671376
671465
671551
671588
671782
671834
671990
672117
672459
672609
672617
672684
672921
672944
672998
673011
673042
673176
673335
673599
673782
673838
673996
674010
674063
674072
674382
674476
674508
674737
674738
675217
675281
675615
675653
676151
676352
676360
676411
676492
676515
676606
676752
677142
677239
677297
677346
677555
677613
677806
678102
678233
678416
678499
678544
678628
678780
678937
679407
679898
679935
680096
680191
680555
680612
680638
680717
680846
680885
681241
681844
681986
682185
682436
682558
682661
682786
683261
683449
683647
684123
684141
684466
684484
684525
684894
684968
685012
685042
685062
685393
685436
685450
685578
685609
685800
685961
686300
686410
687038
687130
687755
688042
688168
688463
689139
689283
689436
689944
689971
690000
690015
691416
691494
691565
691639
691715
691784
691906
692202
692429
692812
693172
693269
693385
693414
693601
693708
694270
694404
694943
694975
695000
695034
695098
695438
695544
695610
696022
696265
696724
696759
697321
697524
697592
697635
697788
698050
698380
698504
699157
699692
699790
700017
700322
700564
700705
700765
700770
701111
701164
701605
701693
701880
702105
702446
702470
702573
702825
702938
703094
703244
703317
703560
703854
703981
704014
704209
704303
704528
704676
705016
705039
705242
705359
705615
707281
707299
707799
708087
708233
708634
708869
709227
709539
709720
709728
709823
710147
710235
710549
710690
710933
711322
711559
711790
711909
712046
712369
712455
712902
712906
713277
713364
713436
713463
713487
713571
713628
713664
713717
713797
714007
714748
714748
715023
715218
715249
715444
715500
715821
716017
716033
716084
716314
716428
716455
716708
716830
716914
717015
717053
717078
717193
717255
717825
717931
718053
718221
718443
718471
718555
718655
718698
718941
719085
719470
719749
720434
720591
720958
721431
721755
721885
722248
722447
722911
723043
723926
723950
724422
724550
724747
724996
725120
725216
725425
725477
725479
725528
725595
726026
726074
726540
727381
727392
727485
727521
727915
728271
728622
728680
728839
729308
729394
729518
729569
729690
729704
729715
729902
729931
730526
730729
730760
730905
731158
731190
731670
731731
731744
732251
732812
733087
733326
733488
733608
733630
733906
734158
734852
734936
734978
735098
735310
735358
735483
735521
736387
736798
736864
736933
737179
737322
737568
737836
738153
738239
738423
738479
738512
738575
738754
739164
739202
739328
739619
739933
739952
739987
740210
740234
740473
740572
740601
740610
740861
741147
741217
741234
741438
741573
741639
741733
741758
741878
741995
742108
742228
742344
742370
742474
742616
742639
742706
742898
742956
743312
743364
743467
743859
743925
743953
744072
744437
744867
745127
745194
745543
745668
745676
745997
746108
746256
746326
746406
747230
747550
747565
747691
747883
748208
748254
748510
748600
748710
748978
749018
749484
749484
749591
749594
749662
750102
750129
750132
750314
750481
750520
750660
750796
751190
751285
751385
751961
751966
752552
752592
752745
752824
753026
753112
753191
753691
753951
754095
754391
754815
754844
754870
755218
756801
757054
757288
757896
758147
758281
758680
758854
759150
759275
759311
759319
760104
760162
760197
760900
761514
761794
761902
761939
762063
762192
762204
762675
763016
763445
763447
763609
763624
763748
763848
763915
764011
764136
764482
764789
764794
765228
765228
765513
765982
766292
766576
766954
767005
767487
767657
767891
768235
768318
768432
768459
768460
768778
768876
769813
769883
769934
769989
770185
770377
770599
770736
770941
771049
771251
771318
771336
771669
771913
771981
772111
772511
772633
772851
773996
774196
774474
774633
774649
774782
775061
775192
775732
776006
776015
776042
776150
776226
776427
776965
777108
777272
778536
779214
779523
779568
779830
779838
780028
780141
780924
781335
781356
781427
781485
781594
781879
781946
782000
782511
782743
782825
783052
783104
783690
783953
783979
784216
784475
784613
784706
784777
784808
785163
785377
785691
786022
786319
786551
786653
786789
786868
787083
787250
787436
787449
787551
787579
787900
788077
788321
788588
788835
789064
789625
789668
789844
790074
790465
790529
790924
791022
791253
791307
791857
791912
791977
791984
792515
792905
793469
793557
793571
793829
793917
794059
794443
794565
794738
794834
794893
795251
795351
795411
795574
795838
796015
796469
796507
796674
796738
796796
796895
796973
797868
797940
798087
798100
798258
798431
798804
799154
800517
800547
800640
800686
801022
801374
801475
801651
801748
801811
802082
802254
802326
802395
802462
802477
802501
803115
803273
803434
804003
804577
804660
804933
804991
805116
805139
805790
806168
806929
807115
807191
807278
807682
807989
808178
808420
808522
808886
809395
809412
809475
809765
809775
809907
809968
810047
810069
810369
810636
810644
811375
811575
811993
812301
812324
812629
812709
812806
812911
812953
813003
813329
813375
813530
813800
814162
814269
815155
815853
815881
816127
816200
816708
817306
817486
817513
817710
817805
818117
818788
818949
818962
819015
819105
819120
819145
819247
819301
819324
819340
820002
820064
820217
820416
820641
820831
820841
820899
820922
821017
821189
821210
821239
821520
822601
823050
823384
823636
823800
823932
823999
824141
824665
824892
825039
825676
825761
825783
826470
826482
826666
826721
826758
826936
826997
826997
827159
827553
827626
827746
827811
828216
828423
828763
828782
828936
829110
829234
829984
829989
830051
830212
830600
830938
831634
831793
832449
832565
832622
832783
832862
833431
834138
834167
834372
834450
835013
835127
835289
835581
835761
835806
835974
836108
836250
836468
836528
836601
837147
837235
837248
837262
838040
838127
838162
838192
838273
838295
838768
838831
839189
839275
839846
839905
839990
840039
840055
840217
840336
840403
840656
840675
840680
840807
840996
841207
841681
841884
842073
842502
842547
842601
842649
842701
842723
842773
842804
843306
843496
843600
843768
843954
843995
844108
844307
844460
844563
844836
845082
845235
845254
845430
845448
845812
846126
846201
846334
846414
846672
846886
847308
847327
847404
847419
847584
847877
847950
848517
849102
849120
849224
849326
849744
849758
849773
850192
850238
850550
850585
851028
851266
851352
852072
852178
852465
852578
852766
853281
853392
853484
853663
853670
853720
853793
853996
854359
854707
854720
854806
855285
855333
855348
855799
855842
856032
856572
856705
857130
857223
857276
857305
857373
857729
857791
857913
858179
858296
858616
858632
858653
858693
858811
858869
859632
859714
859783
860195
860332
860492
860678
860739
860861
860872
860937
860969
861406
861621
861852
862036
862135
862279
862585
862876
863174
863459
864062
864216
864291
864436
864442
864539
864768
864933
864989
865120
865124
865226
865239
865310
865323
865368
865649
865910
866062
866288
866317
866378
867490
867526
867590
867662
867735
867807
867982
868231
868371
868372
868434
868576
868772
868827
868993
869203
869397
869411
869533
869620
869697
869863
870003
870043
870147
870194
870302
870337
870382
870959
871199
871326
871733
871987
872403
872617
872803
873402
873569
873721
874253
874430
874603
874893
876096
876503
876694
876788
876815
877103
877290
878096
878511
878595
879037
879711
879806
880157
880276
880535
880872
881200
881731
881983
882107
882155
882216
882390
882557
882948
883034
883043
883585
883841
884515
884581
884635
885628
885787
885913
886047
886231
887017
887071
887193
887248
888030
888087
888275
888601
888685
888721
888757
888820
888936
889048
889075
889381
889479
889518
889526
889854
890124
890338
890612
890918
890925
891210
891570
891981
892040
892043
892116
892187
892432
892643
892759
892843
893054
893777
894050
894203
894253
894474
894475
894718
894860
894901
895218
895364
895758
895915
896007
896022
896442
896704
896708
897361
897430
897452
897743
897783
898067
898082
898093
898161
898756
898872
899201
899359
899830
899995
900192
900247
900438
900559
900656
900810
900812
900932
900952
901001
901114
901234
901692
901772
902252
902277
902321
902406
902438
902529
903222
903600
903684
904021
904072
904731
904814
905445
905532
905563
905801
906210
906258
906285
906358
906622
906850
906859
906870
907347
907517
907687
907843
908252
908592
908642
908711
908737
908848
908981
909297
909607
909662
909873
910178
910415
910777
911074
911075
911207
911363
911448
911669
911787
911807
911857
912267
912301
913055
913248
913620
913765
913908
914054
914228
914373
914651
914866
915003
915062
915190
915338
915459
915532
915969
916202
916443
916758
916838
916958
916965
917403
917787
917904
918005
918458
918538
918543
918930
919025
919253
919974
920064
920215
920344
920537
920575
920589
920656
920720
921298
921595
921704
922144
922294
922414
922538
922752
922831
923089
923133
923540
923613
923663
923905
924028
924058
924376
924746
924802
924832
924941
925134
925372
925463
925539
925675
926128
926427
926597
926598
927190
927311
927396
927891
928670
928965
929041
929556
929702
930043
930170
930560
930589
930849
931249
931730
931790
931841
931992
932004
932165
932284
932306
932784
932896
932918
933228
933300
933731
933952
934038
934061
934221
934596
934677
934922
934931
934953
935327
935577
935659
935726
935898
936047
936123
936338
937149
937151
937589
937617
937648
938029
938089
938292
938742
938939
939233
939554
939780
939799
940035
940257
940332
940385
940509
940666
940666
940680
941682
942121
942144
942259
942284
942354
942527
942751
942947
942998
943175
943270
943350
943536
943591
943611
943811
943819
944123
944130
944427
945134
945471
945480
945513
945727
945789
945851
946234
946766
947246
947338
947444
947764
948034
948249
948621
948731
948803
949103
949170
949212
949294
949323
949440
949465
949496
949613
949621
949873
949992
950352
950518
950946
951053
951166
951191
951396
951556
951823
952064
952147
952774
952823
952951
953176
953366
953622
953712
953936
953996
954027
954169
954534
955008
955615
955664
955768
956104
956303
956564
956780
956895
957355
957683
957781
958169
958627
958867
959281
959442
959446
959543
959874
959955
959956
959965
960006
960171
960456
960509
960530
960693
960728
961056
961260
961283
961405
962495
962594
962601
963008
963033
963296
963613
964313
964378
964451
964938
964976
965495
965619
965643
965734
965781
966123
966570
967338
967375
967385
967404
967584
967629
968511
968561
968574
968664
968775
969195
969390
969697
970266
970267
970301
970649
971890
972036
972154
972224
972380
972618
972839
972880
972975
973074
973224
973790
973828
973839
973924
974389
974521
974967
974995
975391
975465
975631
975875
975887
976274
977188
977698
977766
978023
978091
978149
978324
978546
978679
978737
978769
979091
979163
979211
979390
979426
979432
979488
979793
979800
979904
980257
980269
980341
980450
980863
980927
980946
980962
981322
981350
981790
981955
982075
982106
982298
982436
982725
983216
983439
983476
983493
983764
983777
983957
984246
984752
985083
985294
985431
985460
985885
986328
986328
986382
986510
986678
986691
986729
986803
986919
987331
987918
988224
988251
988629
989066
989180
989240
989287
989534
989709
989839
990014
990075
990156
990348
990391
990603
990864
990977
991039
991370
991452
991543
991743
991909
992058
992169
992349
992766
992999
993881
993985
994203
994225
994616
994809
994936
995130
995213
995276
995485
995733
995922
996151
996184
996200
996470
996680
997149
997637
998038
998061
998182
998268
998370
998398
998515
998607
998656
998682
998700
998873
999251
999261
999819
999856
