-874106
-991944
-763650
744354
-772170
-514515
-985495
302123
-802589
-31815
-499651
577067
-782070
761446
-280205
799444
-5597
41986
283454
928332
-667296
822703
465643
355532
-256628
521832
-613227
-642583
857648
736973
-755906
999004
715052
821881
255786
-766901
533774
-224693
466856
850458
844480
-817024
822755
-376122
-729141
342866
460058
254991
-956189
-426884
-698181
441881
760465
-983794
288329
710969
83036
165751
907566
-962767
-656439
309853
755456
-205460
-705538
195149
624705
-53553
-806406
-419188
873296
-217709
371262
74455
252693
-674572
-750542
-18744
-743225
885789
-222371
-966056
-93267
202330
530605
887835
-423825
-208848
229330
-342708
-113009
113460
672167
-668142
878042
-920089
-229212
600768
-146249
67134
552888
840582
347864
-321182
-274202
296231
498850
-656251
-561299
99076
-751828
-593628
547306
-344663
706590
-266810
-189661
-415229
-367687
981410
-357736
-91844
544317
-943055
-346471
337432
-887910
-379535
980382
130276
522167
-470871
-926114
-769072
465989
-554196
-720026
47952
-633744
882998
-582420
865705
-805978
680101
824063
-518354
103330
953421
308035
132984
556050
284235
569003
-701065
-32171
-139483
416370
-460215
-344261
943447
334521
-601206
-254208
-286577
546158
-173613
-395463
-58145
490216
-332934
538175
82324
-806091
845769
-879782
756303
-140643
466358
-800081
374125
740468
-606664
-790302
76232
-252620
972082
-698901
-636154
-247184
-419987
-134537
379420
-675027
-61638
-72
408539
169908
51652
286072
-970093
124063
-786437
-289289
-213252
250026
688702
-216217
-34146
-352254
-395088
-47279
522952
-715604
-348201
-497798
98423
-464199
394478
-502426
80153
637956
103226
116262
918607
-656943
932561
-1342
856212
25896
236663
825553
-947491
-807117
-296544
-572560
850532
937726
689977
844700
-922585
-830458
-44748
711146
-800353
850450
806708
320468
-978542
-658300
522886
-678678
-559189
141306
-534117
-880587
309974
-872471
286114
-966796
859005
-690538
928828
116965
52419
-470674
-601655
42119
904955
101087
539075
-362354
-734897
-398381
184356
286216
-964271
447271
-996160
332859
-448800
-270887
-405172
42608
703858
-925696
9764
-841656
-580477
702224
-201081
-176853
-15547
162494
274321
101718
160075
-252055
-211793
437971
445481
-343323
811699
-706351
719377
-494850
312840
362340
164985
15413
443465
386881
-757694
668834
-509752
73991
748054
-967584
-484075
-11775
586436
-835220
279444
861299
181196
-999050
-469479
712847
167524
94909
-96449
-485399
232429
-537101
-528698
582906
-251081
864927
922916
-564387
-280291
-493222
-283196
178997
-884265
154774
776111
579280
-375706
-342257
201933
698986
-513159
475215
-510154
-953312
-178196
335532
909440
298185
-799344
-555984
846135
999661
309665
-98677
-721230
-215242
-437587
984723
662049
-159591
342446
576270
788799
677364
-609321
706954
-482318
575903
-554007
-69496
316020
390390
-295404
815366
74951
3382
19588
-416228
655039
473864
-817580
972158
325665
402122
604278
-852878
-322611
-592026
-378777
188449
-998884
832952
718367
848301
-728065
-899642
269851
14323
728119
670105
231029
800050
527196
767291
-61883
476148
-181131
576827
323046
-735227
147112
-694800
-866489
-146443
-492558
-442693
327344
696345
-871807
585383
-166390
-349454
-279777
-784593
-545106
-595155
921716
-659642
-239069
715676
877340
-347056
-658368
-913269
621901
913818
-908602
-872314
-969494
726871
-23431
-199273
909944
751149
789082
-517510
190313
523136
92383
146768
-314116
226005
-669300
-329200
995217
-318207
-247778
967691
-62649
520370
211032
-728007
-362441
124559
-764079
86927
873002
661110
-336931
100215
769828
-629504
995008
-953719
-530770
-992541
692982
865568
-828934
-856041
-547688
113
450666
-471496
-800224
-718745
-356826
-596219
873182
910297
-328187
420076
630852
-590056
269923
-979411
375868
-175981
321864
-97584
404937
-899308
-471838
126590
-259343
-833619
-484223
-869595
227872
379781
-482648
275480
-641240
869
126169
-410621
-144155
-830517
112835
-857455
41550
-931144
-433099
-691445
-268926
-712181
-958353
455177
313565
-269537
535711
-573503
-553140
-426378
178564
312064
-968434
965590
104358
-672838
-922077
-32329
-718867
-854797
-397039
758782
162917
778544
844328
-505391
477549
-43396
-668093
207005
-894923
718558
-242833
-167086
957734
-192201
538272
125202
309631
-196768
634625
753622
-142240
-486177
-642925
-333933
825936
-909734
-435621
106585
-828112
685732
-651695
-77768
-551358
-375646
-864121
719990
-358860
976117
417905
714613
570559
589492
-314370
-662746
117245
-502560
-458884
-120328
426276
-924402
562158
-197503
-73395
-492890
651079
-835861
-92895
-675980
210176
152789
896865
-235165
-997435
191039
-149626
-952523
-64001
-808696
-161628
-699806
-215938
891597
353580
897088
85242
57303
-998436
-224697
-262416
-168417
454829
-525473
-740406
-369421
497084
-827793
776170
-534448
601396
742080
-671848
-421868
435147
-40391
179764
277628
673726
-322722
-240576
-357604
472711
-650256
-466125
-821087
-423443
544418
366022
41314
34100
-444303
585939
683317
863174
-555614
634060
-586213
-539412
449453
-341659
608171
-448983
-426256
-458114
362777
113795
211252
-782388
443829
370257
-851162
-604968
-470164
282350
-45164
-33249
840221
-958611
-326733
-908426
731552
-1003
-227394
-300063
-903677
604470
-570688
-225545
-841492
-46590
707627
-232657
909390
303273
-788712
307728
-523862
589251
-486324
281744
-107128
-299277
936873
334890
-192510
-508332
304120
193999
-851483
943613
538443
985264
463121
-478132
-769207
-16468
-781538
471979
-902470
199206
884637
421071
-518701
307356
-166429
522909
384011
-30179
364967
-262646
-358703
500376
-303781
307069
958417
420206
215794
359598
656489
-73260
373207
129120
649048
-343669
-954030
668387
201264
124190
-261882
851789
-534589
-712210
-610286
-298510
773697
-785343
-936163
-40749
839318
-592090
-880729
-657497
335445
769472
-828292
338904
-938781
-844267
-451886
575699
-272776
323107
396822
492564
921285
-57974
601226
-989725
652074
872226
-736606
25025
383677
-322592
-603613
206859
401666
-538330
665165
-143041
-478183
-765319
722008
-904861
29408
251708
-84541
-871166
385479
841767
-824595
-564425
-759979
-415026
-995640
704218
-811986
-691060
-21452
674298
616904
299658
182352
-540908
-14318
114179
751777
988959
920704
-108681
3354
631903
794039
-900260
-411844
315061
981468
819959
-387383
421328
801712
16475
-207372
-892651
173667
-646434
-947417
-107164
273720
-130546
-486335
-87250
96578
704409
146589
-10396
-20872
-398656
133613
480782
419298
-730917
-468594
-248286
230307
957173
859648
-959500
876443
932189
-873816
-918850
825958
57786
-234234
-404374
334353
483364
235791
-482167
358262
-234716
-511388
416674
-553221
670872
976099
-259931
218676
827491
-54892
359911
751217
-18038
285479
-295979
835923
883314
388741
578090
723218
53344
-435591
928716
-22831
172207
449736
899629
-587636
-271027
-617008
-985727
202329
-841602
-378381
907326
-46780
-691891
-235582
-693592
73020
353394
-522291
-709385
-15145
-968165
277291
-169914
-420819
-408578
157159
979746
-513006
933816
-920605
927281
626789
878253
959968
172769
536389
-903714
-881917
495774
-564906
-548983
760247
-581001
164798
-618322
-439560
-513688
112453
-571511
-705600
936659
179713
-214421
-694676
66705
238705
17084
-659302
-993125
41730
-845696
-593683
243837
978180
304576
-633233
-369164
179475
207687
-106768
914962
892354
591823
-120024
-232553
292491
-870126
-279130
417457
596483
-226881
163695
963214
-226136
126456
-380757
-736344
-213003
106089
