675615
-414646
-282007
-905318
401309
438348
-445652
174832
-277625
367663
-233521
501868
-402952
-517203
563824
923133
-136959
-403943
-218384
63523
938939
-52765
555166
-457449
298844
465348
-679537
581914
-542196
223429
102006
-729790
34426
-5416
-384259
-731503
-974204
-388214
-362563
-745005
604043
-173978
-91991
128285
302682
-987533
-206156
-620160
469104
-699012
102890
-362673
810636
265390
996151
215013
583149
685012
-282089
662358
524086
161848
-745486
-876890
-38624
986328
739328
-923229
206829
-487076
939799
77945
-251225
-219588
123974
-334323
-83481
-449350
-286217
372012
-74911
-950063
-552155
-797105
-952873
-372383
-213278
-145952
-789113
-95228
-212585
341834
613482
-555312
293037
-483674
-631731
-212391
-992581
-40367
135115
915969
-45475
-717814
862876
87850
-765715
-453312
557881
378997
-832012
43268
674737
689971
-203702
-746454
980269
-910839
862585
462604
-497762
349144
-112414
508135
417888
881983
-535279
359456
816200
307333
-95316
958169
718053
424092
-316346
-866489
-736875
-293428
-354320
-900744
-514649
405404
-908544
643216
-608485
-418694
76281
-934093
-746743
419303
-45423
-887689
951166
-328312
329425
-161358
516325
230918
-232155
909873
-115888
657944
520213
-664726
404790
985885
38907
89020
576623
-395402
-891713
-110786
812629
995130
403783
-941653
607985
-847357
461424
914866
-839430
-483840
801651
-172243
-596339
-678589
318025
-299278
157345
978679
143132
227670
-884622
-116427
-172992
-305024
944123
615052
-486791
557445
730729
506479
-516358
857791
287180
-91384
354205
-198117
-90461
572170
620490
819301
628543
617102
667768
935327
661446
-824977
543312
932284
-892047
-839667
-295628
-229812
-982429
520132
-326652
427193
322738
-639985
558973
420258
-456298
-196326
-652647
152033
-277417
730760
846334
-184321
-770495
334851
-897942
-113637
37056
206135
132062
768876
-187137
-370803
-974829
156454
-874259
764011
523643
-412095
268057
271501
691784
566059
819015
345683
-465753
-710490
-903492
421652
-144933
-929358
333678
504258
-138509
-462374
42376
629322
104665
-925901
214364
41218
924802
-164807
359322
98673
-48816
126871
-106766
-108844
-621208
55439
317870
204020
388268
528711
78160
296941
-912756
-327889
-943205
-647164
-307077
516426
533990
-863834
900810
-392586
-701979
-148302
645685
-342275
-81116
-762777
-555638
546413
246807
-213845
-88522
459941
438188
892116
518866
599183
438183
43517
-742445
-512800
515377
527972
889479
588206
-201269
-82801
-376099
784777
990977
707799
918005
801811
-587131
931992
242061
655337
-306721
954169
-917399
666710
-746692
529855
133577
168396
-421716
-186244
709823
-901543
561195
966123
-750607
-752625
-623220
684466
-696481
-578677
-385919
446494
780924
-649760
710690
-168752
-331561
583109
619779
-214854
-215351
92477
888685
254865
325872
133702
-643123
-117119
777272
836468
900192
892643
-599403
-329245
-361545
101233
-18739
-133994
-401037
665808
958627
690000
606435
-902117
565263
-723853
-413524
-424504
117061
-23829
-104125
219131
597139
-765979
-764133
-327655
457080
911787
949465
-460014
629754
-841188
-278026
-799461
-282925
-514103
-967956
75710
26116
520827
-294310
-811616
-638789
922538
223030
533875
-304038
-710576
494337
479778
888820
-341535
-951391
228960
-479254
-309233
111883
900559
313021
-911168
281205
-585138
-244157
-480469
678937
-49380
-127925
196968
600765
-278219
-793345
-529314
188687
128751
361515
317815
576910
948731
67188
-292853
158421
-598249
-302449
-185313
503359
-443990
-346780
-391820
-628006
277398
980863
-529488
-364992
-992201
91471
454263
-755659
-893225
797940
-266855
-787792
105232
-294041
750796
424403
80133
-112052
-28647
-888381
231341
-686535
826470
465434
925463
553544
-590283
-784372
580856
657940
-384358
-357152
788077
-765457
134892
-625918
534528
-540338
-155792
214722
138142
-430201
19758
819145
-918409
-427901
115265
988224
207468
167672
741995
293753
964451
-893205
-515780
-218088
-59512
900438
-591232
-988982
-256860
-763399
-883539
328403
47504
378417
-999115
-687357
-728147
240368
-781571
544324
130599
-625370
-638437
-268955
337578
-275238
-622969
8271
-64725
919025
49002
13619
-715486
345571
679898
640763
464513
305924
893777
-436568
790074
-265845
-771556
457363
-548830
-819133
344312
-503129
490935
-851203
-12713
-518869
-946002
2554
-712708
-64391
-655070
-155155
197801
-185492
551712
-303739
662025
-569148
-628571
-466381
-584597
-675262
865124
834372
767487
-628816
969195
212478
78784
119582
-845822
-299469
-322215
-579998
181219
-655212
78464
4403
971890
-28267
-724825
889526
-870300
402461
870382
-286000
-131211
99312
261110
695544
-651852
600369
-788325
588106
400821
-65065
334816
54986
-691431
-247644
713463
-767289
909662
-29469
19167
632965
787449
-715114
-934085
-9982
811993
-969505
-189371
-256942
414411
-848632
-756781
-832373
-572373
156782
729902
-357042
732251
330770
-223510
127131
-424055
-393994
393126
-947316
-210566
818949
775732
663966
-319431
-231574
509022
256365
468845
191242
-725294
-304135
-952994
-674154
966570
-759776
-388378
169889
-931490
-816297
193193
531358
805790
588295
404519
415499
930849
-185531
-631733
-977884
-363899
43358
221689
477380
72954
-557982
310622
-929475
318469
-907977
-29703
20404
769989
595172
-830864
283606
-818893
54257
108711
-702180
295631
989709
-97547
980257
-346053
785377
-242645
-557089
74167
-905320
356254
898067
-784998
-273680
-391691
-936224
400132
-362757
-321561
-393743
-656367
663252
-153474
427820
799154
152046
956303
700770
750481
272197
-152211
-959649
280250
333174
196325
-72012
-887796
-578978
901001
426483
-994254
936338
-664014
-70656
-815063
796973
853392
-373254
644033
491939
-609549
906859
-795298
16951
-979529
-749631
248115
-119147
-760778
753691
87274
-916319
-521058
136525
-14582
322202
-193138
335758
-109207
-329467
516982
-298532
14394
345562
504248
-407285
6470
-697793
198237
-515011
882155
465856
6676
937589
695034
915003
-713163
739164
776427
-165158
-362449
502888
-317120
991743
-655986
-577583
850238
-776146
867735
-284811
494335
658762
667560
-636030
-398039
246685
-816660
436480
-260331
-204208
-871142
-118905
40060
-843274
-308963
-329282
-335444
183594
574360
-57920
-886369
188023
509512
-115639
298186
-292569
572730
-908906
-973408
535148
-147074
-847011
864216
109574
312118
-59391
261630
435239
956895
-917103
-320753
857223
-58217
-55659
329200
543672
-209384
-191492
562734
926427
-954570
-667572
-171665
-834407
55403
-81030
62206
593147
-339238
-35748
-403919
853484
440239
101463
857729
-49670
355637
-52639
-618163
-210227
467938
-34102
990391
989287
-869273
488640
-841685
368754
166409
-473074
27664
-113028
-732938
58445
882216
-18408
38001
870003
-838136
-540821
611691
480997
-611840
-2103
-780382
-540387
-551439
-323350
455490
-478395
635957
-769096
83879
561702
-661414
-40163
-211922
-732320
158407
54273
-559198
794059
-428453
12916
-958423
433612
-684080
126530
-20485
680638
242341
609908
961056
498813
261502
-873965
-664760
940332
-802747
379401
-22185
723926
-487551
258016
-758026
-720172
742639
-693670
376586
52674
838768
501723
672117
934931
-214582
749484
274164
-895167
889518
733906
16102
608838
-679531
-815357
-985467
388422
-822859
916958
845812
746326
166308
-123870
-215980
629214
-400563
-285871
-144216
-588171
501860
-581320
-873997
-316222
209133
965495
537773
854720
685961
-504158
-456898
648359
66927
855842
-763820
424586
-80884
782511
-149173
-641360
-876948
213217
913620
-77139
486592
465536
-688230
382980
847584
-489983
-424852
280354
-429051
-200240
120807
478831
184403
949294
347985
949440
-369385
-529444
-84477
-213838
924832
455907
146260
199139
44707
-507233
121753
-573903
318398
-905337
-431385
-67656
707281
747550
182051
-837298
935726
530605
771669
278158
-880864
82016
639397
-530176
257623
-861654
183534
705242
10168
539971
449231
-64745
-806025
-324966
190049
-73535
-281155
852766
672459
73291
700705
-215062
89686
515993
523756
-661072
462534
697635
-108261
-555466
-720636
-646454
-725997
840656
650189
-861521
-681745
-867486
-464129
727392
-784362
-252739
-506497
979390
-157979
712455
880157
-860985
-43135
-820195
-334221
-462832
-145722
-843338
590536
-304457
-77697
-787326
-500874
465708
195188
-47842
878511
808886
-503765
-132579
717255
-835059
75649
246294
270942
-429463
-843185
-694079
-159479
379284
59615
-469474
-607629
-936276
-533233
187012
989839
135453
-115906
394750
-29760
-623178
-20472
425359
116896
-340211
-125398
-837397
306937
-251167
-875288
313666
-177037
-166052
674063
212677
915190
-278059
-966246
998038
77262
437282
794893
-742268
956780
943350
-690511
635668
-404762
625094
-137357
-885913
-319755
865910
144917
816708
-688470
-119471
290478
676360
73430
364853
864442
400160
-88511
-857244
209742
340593
523578
451128
-601959
-147260
-789434
-480944
434837
-55086
-957988
33897
936123
-132926
186498
-75383
-68681
-561744
569320
852178
185727
50346
669119
-867451
-511865
-489201
63028
-340138
736864
-185331
-748277
654735
-475826
590222
252804
-721714
511554
6970
-696396
-403431
-419504
886231
-862202
608899
-360433
245350
631743
771049
-997517
613932
628807
-269276
-202841
-78571
-210645
-172900
-259468
-362617
809475
431474
-228173
377102
16303
-882234
-824106
13255
125754
-300824
570495
67256
-430395
-672745
402080
758147
-183919
716455
-718798
-46179
-121436
-550386
899201
176695
181965
179725
803273
56373
776150
-902285
469983
-786754
738239
317917
172852
-320578
344001
239549
340176
293826
-724768
197051
-746842
416339
768235
-149832
-675506
-273422
843306
932918
451841
-968392
58049
334554
-40947
-165280
-157467
978546
-11325
263221
292375
422837
-154237
842773
-976849
497496
207457
226050
321827
-846594
-271433
230870
902406
-987230
-447244
743859
-471543
-723427
741217
-862026
862036
-874050
-463662
602765
407203
-429195
-767494
-384995
-458267
-50868
-671161
-748104
-363883
-279978
-788224
657327
-110757
541260
-539117
290050
-666517
682786
18947
-64259
-485937
-887799
-680623
-967216
-835822
528131
215774
-375806
-743276
-727107
272024
-283388
742108
-305179
-357306
-419598
-379635
659469
369395
945134
994936
741733
-961641
-133651
-988758
-423923
783052
-955099
867590
78833
-870206
-901846
-509864
-556700
-104777
336769
-693837
-516604
633866
969697
-331198
284260
114444
-581554
-858661
-831581
-193205
-426465
-56301
475929
-681423
878096
85751
365607
824665
-619777
-952254
145734
-61646
-421726
-820274
-398058
-426082
-536879
-742269
-530407
355799
252215
483742
-718812
-393776
-267032
475023
-564539
-859025
720958
-175827
-9941
-214031
44942
-835664
293875
696265
-910347
-257888
648208
-326070
-323540
-297161
-471956
-354436
820899
-378972
264922
460576
-459284
-169300
-53912
-210154
634690
-369273
432250
36171
-334656
109986
-149295
175953
-170211
420738
810369
62429
30871
968574
-185591
261780
379
-102909
55044
-881400
968561
-127648
-442220
-96502
256565
708634
329005
812806
444596
-644498
888721
59900
999819
734978
-744165
788321
-775837
-904547
566744
216371
-710724
629297
-833671
-16019
-330265
-309246
-419808
-715234
896708
-45078
-868889
-433144
-991711
-329757
-584497
681986
313712
-856777
-834810
-268086
370162
838040
184245
-480403
15204
412933
-372765
609613
-369825
114834
391951
752824
350617
282633
644051
-258491
-602277
-662571
-176223
-712452
394619
963008
567003
-892237
-709079
-573937
38679
625443
157793
484227
-149576
-943416
-564923
20716
925372
-347929
6974
900812
-586713
-17429
894860
-176574
-685692
-887872
-460682
824892
-865078
-97078
-733196
-165161
294229
-478840
548460
133495
-387859
199374
688463
996470
-434211
-594313
-237222
658114
890918
-91895
-25172
-238891
-11983
209708
-674026
-353452
88190
-150833
-304915
-420246
551521
559864
-668271
800517
-748192
-487170
-742523
-528536
-460148
-68230
574859
-220124
-846675
476267
-329633
235357
-859931
943591
384846
-642793
432806
752745
972975
867807
-774136
-508204
-678762
-811377
732812
-36114
763848
73308
455698
-131144
384376
409401
7245
-930515
-554324
-949603
582600
693414
398693
-759163
-503533
-609440
834167
-681696
-548881
-69144
373745
917403
-144375
578011
-256641
436209
-780381
508881
-386296
-690828
710549
774649
454555
103876
-289334
-38132
842073
-400748
-601853
-346685
-455221
238251
-715651
450547
-174058
-174573
222308
-476755
872803
-180247
-631968
-947701
296952
-265287
-735973
-41477
-998330
-196343
458483
633799
-787633
-373232
664139
-731412
234731
-205668
630871
49437
561321
257594
-50951
17195
208242
-271357
713571
-74732
-669653
837262
276114
-525714
-613661
38642
-214728
-517481
748510
-367626
-472264
173816
147842
343172
176518
549004
-91358
894203
264894
541926
175611
335296
-982983
-91620
-281478
863459
292641
955008
-98442
191267
-360601
-812784
98746
235111
-527325
553057
821017
349280
-339865
-142104
-490645
-388696
-920895
156172
-903296
-884143
-810265
-818985
680717
346172
-311937
708087
544139
-897304
-190085
768318
-544378
147261
-746620
-831011
-107886
590150
201803
336157
918543
-300083
-25153
209182
108160
772511
945513
-978067
219419
-23032
-775085
-4700
548178
-757858
804933
-532864
-810336
638127
455549
-167801
-808518
493311
829989
653556
656806
-74382
-237417
-6620
41396
796015
-672439
-230374
-409015
-471941
-313630
-611021
-915296
-443002
948803
-200415
171430
490530
-590941
716830
239057
-838646
391529
943611
699157
510033
143032
-291993
128000
-65549
-558362
-838430
131029
994809
452305
-155066
268008
808420
287840
246945
162134
103221
444053
-506265
530683
-210152
261585
-135895
-81116
771913
-275324
-975568
-870650
-569408
-124887
796895
-980266
-231008
959442
-399514
774782
-377200
-911589
-510714
557037
291120
567877
-167016
801374
868434
436667
-404385
475726
-25987
-922774
410102
-451363
-205903
-309535
-696991
-93714
-804459
556017
511350
524538
880535
-496137
-541400
-992977
959955
986328
733630
8551
-288965
-990573
-87178
-420930
-726703
-129883
288282
-817964
281210
-636196
-486725
572600
-211918
613284
373555
122656
933952
296700
-684638
52582
942527
-814773
-810395
313173
-221245
822601
-659134
-491870
-690062
945789
-90288
-374477
-296732
355128
360080
-711586
364386
-68231
-39448
-751991
-836306
531866
-643050
613658
315821
-963491
306149
-780082
-758911
-649877
86483
640053
967338
-773093
855799
800547
-645213
-44119
455190
676492
989240
525335
511560
-362524
-251492
-510557
262916
876788
925675
-702926
684968
-629592
-770025
-54390
963296
-422616
-161830
-552278
979904
557422
351560
-263057
-85911
-18462
-830409
651755
693601
83928
-319746
166467
-840798
784706
-620770
724747
-680686
820217
230360
-6968
579006
474602
353235
310966
962594
-408771
-731389
874893
-764417
-427277
757288
-694559
-269718
-468611
302735
608570
827159
376351
575553
617257
760162
-101128
180557
62194
360260
493959
358856
190372
959965
-186115
754844
-57260
-564093
168265
646935
-220598
-564465
-896672
-422421
-26174
-550698
769883
-934257
-66436
-320493
-258786
-562978
-431375
-866876
-301131
781485
-91452
-507810
112591
-728301
-233273
577219
363916
959956
414342
594420
742228
-73060
58532
425108
643377
-292651
-363255
-463395
-296080
-61331
568865
101418
-286493
-91208
-289447
-476852
448817
-865346
-926744
-49602
782743
564272
21060
-3997
257167
578336
453054
483055
-670354
818117
-735216
-717933
-608673
-982464
-728485
-868092
417327
-768226
-617163
844836
-682193
-755727
351131
-470018
-80219
-245775
609330
-985931
282425
921298
717825
336431
-524908
-655554
690015
-350184
-208292
-132133
998873
526802
530641
193510
-908758
-145948
-304739
348585
-445749
635536
998398
164359
319670
-294313
471876
740572
-817070
131324
-134676
477992
-4819
-895643
638874
-815360
-801920
820641
-896372
-523280
553813
-404757
-956984
-883817
-556726
-471605
59001
660910
-231270
39133
819247
354447
-15813
-271611
-788558
-162494
-489280
888030
-541461
-752301
238736
-42289
445773
75053
764789
328905
-356819
914373
573237
-596410
104598
-873085
-363957
419224
-955979
89999
-119983
-311944
-722085
838192
-113007
-757526
-53285
-506864
97762
18773
470212
922831
-737184
122277
60819
-92478
71995
-718121
-338377
-99934
-399212
-690093
465801
637467
-576794
-248311
309465
-344685
-331921
-85024
375115
946234
151370
576680
-772218
-227501
-721491
-690540
612477
540914
-932616
-554171
515735
264063
-495854
852465
-472136
716708
949496
995213
536723
-402321
-269645
881731
-365702
-59129
172820
-924565
-47399
780028
425216
-730672
-254836
663759
363063
-353307
479039
513219
-313463
-278095
-227566
379891
-650727
-535921
-42818
315939
-412709
-27265
117868
-899588
-468387
390518
490888
-609250
-316077
-238943
740610
-181430
994203
-370878
-121614
-499446
-677324
-113849
-864630
-120064
-385145
-136517
-718562
877290
215092
-513682
98052
378248
744072
-222521
317445
-605790
763609
855348
992349
367564
-804437
115500
353748
-52387
-822973
-926725
-821795
905563
-730696
24576
760104
154615
-166187
154214
315473
-241013
-942461
55537
-584687
-272553
-458581
131482
-29476
-231826
-870640
-223860
751285
-179502
338384
-22709
-689212
531818
641934
261956
744867
488972
-770720
372157
128477
261189
-232614
-960983
170004
21384
189588
-257180
-749268
-556066
-83042
370629
100908
473993
-909768
627236
-272890
866378
985083
-912407
495416
488518
574370
-757934
-344855
414214
475679
603813
993985
411995
-891161
858693
263104
194401
-392946
-928796
-340421
820002
827626
-688581
-672533
-856297
-946148
257714
972880
506015
-390264
501656
-738987
-775639
-759695
-171442
-115754
-429429
872617
89640
959281
-295310
430228
847877
565451
560856
7363
246244
-53727
614850
865310
960728
-877012
-458718
-207428
436420
-22356
-126897
947764
-435777
-581778
888936
-493607
-181002
878595
-210461
-189731
486229
493098
-806252
-144345
-362915
-708851
-218293
580629
-64519
140155
-403923
500959
-457486
-328397
124123
328116
312876
488644
-502378
117491
-150649
316282
658820
-702887
-966739
-444287
-929359
572358
-957687
52915
381143
292233
-264046
-985558
-94741
741639
-416936
523994
472753
26931
-417100
-671202
846886
-999443
942998
626482
-469768
373841
459282
-106315
-464908
-676379
219742
606689
-246997
-716347
-833542
-141658
-714212
-478321
143410
174173
524982
-45722
617426
377977
-848846
493193
-360370
688168
-545888
13858
843600
157016
655866
-218917
911074
-998946
-933573
-20165
725479
842502
754391
431975
-566399
430101
738575
-970692
-47074
89541
-597230
644737
150010
972224
-93392
898872
-400066
148709
-364196
-696376
745127
373731
481940
150847
260533
960456
-498550
-579747
-995572
-46450
60775
-575194
615128
-699892
-207728
160748
676606
9931
184668
672944
-393643
-754144
-485741
-689214
-407026
223496
259730
-336844
759311
-497459
-64202
583673
-78319
478250
-561990
-163404
750520
-138452
-151207
-510998
926597
-642295
-684456
-36938
28226
457925
864933
31898
-887708
-115348
97839
23843
-217026
-573590
613150
-270586
-104692
-910452
940680
-637024
-380220
-9295
166438
781427
927891
80408
990014
-232829
661204
89641
30151
-291490
718655
581625
-866123
747230
-359146
390537
481287
-596720
847404
482460
443354
301728
431181
482076
828763
795411
-646968
-856572
680191
-17186
-881278
51198
-617400
119266
585347
-617669
346870
338767
-691645
-7115
186562
934221
-346239
975465
-147666
-514476
-393737
-516611
214077
-91439
-63339
865368
-780950
905532
-220844
29808
-358493
876694
17439
864291
381117
255179
-300751
-507162
-953760
-263398
277021
225441
-247080
388548
-891278
-678349
-116422
-14471
288362
-594518
359728
-874868
-959983
-616008
-418687
-660937
-596894
-617430
709720
-777029
665341
-979370
91638
-739713
747883
117844
729704
-381916
-24180
19954
-915428
-606145
148787
418409
-835124
-190900
260391
459140
-193558
122892
-611780
-828387
-914250
-424014
-352822
-387286
371044
457773
-298897
739987
612066
242081
-50246
-160402
-229171
398025
280766
567185
-969680
342702
-611732
-465859
-761061
322177
-774778
789844
590555
-459018
-879453
-225010
125746
-796934
172509
823800
-176542
398624
-659395
-401318
521569
25968
-617115
-629910
231766
-259315
974995
335827
391964
355639
618706
-43816
-624070
-164618
-377607
935898
336387
949621
-846257
-689740
-196695
775061
42348
-54278
569870
934061
695438
-421131
-870825
-950582
-208544
827746
275658
501061
-224583
-295675
-444059
454797
-674678
33000
652941
-221334
-812075
44381
-582841
-549206
-185710
-124836
243729
-518232
271060
67454
-679585
-724903
-821851
-433375
-894118
-131691
-301701
-409102
274754
-579514
785163
-720215
-946192
-972134
88627
-55381
-744366
165848
654470
781946
136378
-257514
-225963
-811832
330196
970649
738754
890612
-86007
740861
-144812
-642526
394856
-846167
-976349
44508
795838
711909
-148822
-320916
-130139
4932
-832368
-271572
-597372
310643
441056
-568604
15146
-662945
245545
996184
-240365
-963040
-862985
389584
784613
125737
-55241
671990
974521
-249379
604843
-660504
-111668
-648006
-924919
-309705
-971194
405155
377920
-847710
900932
-709006
-207224
716084
-830458
164311
740473
-976014
-690319
234839
-985381
-183989
595347
986678
10416
-818149
-937959
489536
271986
977766
-627505
705615
100666
51743
-675554
-276611
-306697
-858976
-24760
-349246
-546837
-841463
-93272
-235618
-167638
-788996
567410
131626
-594766
-266055
-82625
608941
483696
197967
-247362
-923992
-414535
-210520
951396
-36080
-737886
317275
414562
-522612
-400306
292250
154083
-164586
611454
394220
289376
-868078
-990398
-876852
-698124
950352
-709114
-643249
-46705
333718
-910439
632403
765513
245043
-572366
-491169
-219650
-669213
-622501
-928663
-652700
704014
-285752
419569
-614260
30604
624586
643450
613680
879806
-567576
58493
285612
975887
-120050
-411832
442835
305613
-788323
952064
337918
-525416
557200
-669996
-436076
-41066
727915
-329880
-706525
-65823
252810
-653113
330570
-854376
-184033
-3513
36732
919974
-878606
-801042
373969
564437
155292
607027
-390599
-705806
841207
-366988
-298394
-738809
-873616
595468
-787220
-782077
-239884
355602
-309818
-572829
36114
-451153
-511110
715218
358219
-702660
-203546
-29783
-879667
-297061
-680806
851028
-964937
653322
-678703
998700
-330363
-577137
-227744
339287
-379551
653695
-781046
-984817
907843
731190
442539
-401581
-369533
774633
428445
-745311
696724
246586
-421358
422403
717015
897783
111230
246628
140856
575695
931790
670577
784475
611093
-723495
2768
-364259
-131693
-629420
-992574
-2307
-16045
-527861
566612
-521239
-499879
-405498
-301040
710147
422063
-611319
-522060
-138597
-508863
155980
-570560
-12486
449186
347062
-409823
592088
-18308
-115727
578920
-526946
583118
-280109
-119580
206299
-76200
-58113
-979471
-438693
-89023
-814138
-955194
198700
-536062
713277
-149580
-80016
741438
-941929
906210
146633
248510
-598643
-973561
-552925
-376408
-644097
907687
325641
991543
-617968
308422
-122459
809968
-391876
-876438
-788483
-318782
513478
-670662
-469775
-192519
-145297
-468932
-540182
-961933
-336441
688042
-433450
-388542
880872
-663009
250584
266891
-480012
138820
353094
-289941
-869695
-545143
315751
529079
-565830
678544
-538740
-129369
832565
94006
-586486
-511940
753191
-225506
685609
877103
455256
-359504
-346204
-907324
259023
-688120
310797
657077
-444125
967385
140701
582899
-169160
226552
-123492
380318
588219
953622
493868
-155511
-503915
402108
-463202
367883
839275
112061
-589580
503353
138642
127666
-115163
820064
702573
12389
-649499
-45635
-659938
915532
793571
-511214
-685148
-550941
-175294
-434527
-225234
-462017
308510
843496
-60339
34794
-195485
-692502
-99360
44244
347344
-992184
-283518
-609761
-401258
-128413
635151
-140337
-274949
-599410
-163086
895218
-352355
812301
996680
-866452
-161557
63757
-722539
675281
-349423
478941
-128520
638772
930560
-554034
-810985
-872275
-882659
-550037
-594754
960171
979211
850192
-322942
-535938
272032
-290030
-712149
-972177
-343175
107859
-96518
583972
-74399
475678
-979847
146719
640864
612199
-184732
-671770
-529645
-729248
-97683
-127213
553714
717193
553575
610405
572150
605191
318634
-139662
748208
151321
657836
-291140
412229
-410832
79742
796674
360262
805116
821239
-929300
-890068
-625710
-788709
280069
-950690
703981
-272280
776226
-577927
26415
-891132
-973519
95842
-756764
517619
641439
183114
-763337
-232865
516360
933300
-849940
351989
-877497
-791551
68018
18955
-381775
308735
-443486
646807
-79922
-548927
662509
111931
-491143
-761377
-346378
-522348
909607
-912441
538188
600062
-801272
-378623
810644
653242
-911121
-462424
823999
669541
691494
259166
-708222
842649
-472842
-803813
-828674
-183102
-674367
82614
31625
-4376
-110055
-784432
223946
-685414
164427
-53157
353301
-831977
-649089
749662
258710
713487
-468280
86258
-729266
56227
171386
571770
-64622
-197099
-141565
998370
712369
720434
-409353
-3625
-794910
-205333
656456
-968793
108295
-264437
-269413
-826821
232312
-531382
346850
263990
-262221
628288
226008
590711
-678091
-440505
432893
-35484
253411
112347
-201105
365472
868772
-198616
585627
-874522
-327690
-852247
-12863
550372
-651783
786022
-759117
962601
-251937
579268
802462
181333
-512329
532664
433578
255568
-463088
-681183
-158434
-53444
540503
29061
444010
-832338
-714848
58326
606230
942259
147266
-920911
402441
441951
-822802
400849
503099
-726131
-287187
440281
-406381
111367
-534706
-916494
-921123
642198
-674659
376368
15161
-872237
31669
953936
-135951
-305147
244589
417418
-724647
-954917
224597
804003
-424730
842601
750132
96006
754095
322161
-401984
326905
-733359
-435322
506442
990348
680612
314465
-650518
844307
-668889
-281017
-615923
939554
637846
582824
-972273
-738325
731158
440310
-296485
-772355
152076
-600037
-709319
921595
272387
-532522
-746106
798804
195087
-28101
634513
506351
-823700
615157
-334178
-557398
390798
-165626
557819
120236
-542625
-953282
-916449
-274372
588738
307669
985294
-305808
-240112
-50290
-665749
55380
-667800
854707
-588675
-370906
-664516
-512721
-246841
378100
-857915
-470762
-151516
209491
-851743
563725
509430
-702203
179646
-72141
-260782
743364
-695254
-630479
54306
96523
-320620
597712
-361998
526128
-269394
-437497
605322
-38260
-649154
-435900
-980631
-667060
-348487
676752
-659984
241260
163491
465077
917787
957683
566674
214267
594316
-880787
702825
-494738
292765
443303
794565
-641052
761514
104720
-480092
66414
300640
-247802
326781
-28085
-192358
20528
95058
-353008
-599931
-947670
860872
275556
-360059
-641028
-760555
-491607
-712821
95898
101095
762063
677142
998268
589569
934922
325266
-963523
-6158
232852
791022
594279
-495666
788588
-513597
51107
531924
13564
977698
-379413
-833167
-498419
42249
419623
791912
627472
-433834
992058
827553
-652146
929556
-140361
9857
-715626
639258
574482
-959506
-722617
648521
738512
490797
813375
743925
-120630
-873447
35080
-195683
-746025
761794
-254715
342305
-718186
807115
355612
-683948
-995438
498694
412900
905445
-483139
-945575
-869330
715500
131229
-902415
601758
843954
-184019
-993107
-525593
677806
-374976
-631488
-565044
420337
513086
240165
-902857
772633
-977914
895758
-254876
864539
-982469
-677853
-303278
-491995
95074
86216
232130
363488
752552
-521648
-952168
-486151
-900787
-823203
98231
680885
-309971
-778045
-813199
-228789
193404
-31701
-870099
-616180
35952
-722968
904814
873569
-425554
-430377
475972
269041
-413960
-677199
481907
457149
236020
-43533
940666
-455490
-309862
-25281
9497
27449
-834973
-299679
-80930
152702
779838
-620520
221170
-714110
-175754
311181
-851702
-542066
789064
-191933
949170
-340887
-405529
381695
535513
-103219
197069
-90488
-582167
359673
840336
-570995
90360
15138
-241737
-23883
-322112
86947
-474234
403755
76217
483456
190724
708869
298910
351473
386538
-863473
458238
263691
112259
-16113
965643
953366
-909210
-21325
-268157
364388
-976661
-417626
214058
350362
830600
286140
268404
-846330
-446307
888601
-22455
748600
-117939
10734
378145
97548
553196
-386610
47280
-110278
626407
261692
418474
-976027
-980044
193199
-302971
385978
645068
840217
544685
818962
749484
-394036
484672
114446
114773
906870
-613176
857913
7193
-925286
430055
899830
946766
-850900
-477067
-401998
-918134
-495605
-556605
619288
-742565
287576
851352
673335
-797286
-216370
767005
-870844
342221
809395
821189
-358565
894050
189799
-715506
-475099
-590192
-572288
371883
524253
349654
318636
492941
-27476
776965
201795
-168064
-908810
450750
507982
-319606
424566
336166
-534183
543295
-469735
942751
965619
-903430
-65735
47748
955664
-860069
-126577
-672063
-895067
-867105
932784
-808912
-536776
-439572
308402
181365
-281680
982075
819120
-472240
-236247
-382262
-249907
-541102
-231638
-999749
459472
409311
717078
-397925
-407043
-355665
-638520
-199058
-976541
42408
-983691
-347358
-468181
-545154
269226
-525033
-900039
-909650
637083
-728613
261549
-98102
-945719
-608050
-978994
940035
670297
-996614
-660257
679407
-97332
-939018
920656
-247425
-651008
192934
-352347
885787
-610032
313019
-698828
-467136
-267154
526355
17699
858653
-481123
-949162
466106
-711611
-809769
-992055
709227
-23298
267994
978324
309033
-64741
-21231
916758
367366
786653
-794064
-630580
-99739
529419
-258514
-446241
-728771
244089
-995529
-375110
-257227
-176175
-177009
346623
-726713
-673579
264045
-572574
832449
-305071
-274356
859714
-644768
93967
-603092
652696
597029
-471416
-678024
-800132
700322
-143916
-973889
-638165
-512780
812324
-866917
119670
337508
-687851
425675
747565
-917611
49794
122777
656106
168182
-653098
868231
749591
186814
591409
-531904
530925
627154
-142918
963033
54383
386183
462696
-90707
-233717
-62653
-443499
75302
-886921
-616397
29634
529665
439848
-602103
-9268
-973994
-789941
526973
716428
804660
-264378
989066
925539
606463
869397
-500821
795574
680846
178879
45150
703854
-687420
969390
-193075
131126
624249
-806425
597182
445938
664757
-256577
452429
871733
63688
262524
563881
202805
-954144
847419
222706
265369
509680
835806
-916325
914228
-771154
469019
-534151
949992
268161
-869790
793917
-657905
366378
895364
-887759
-374645
437267
433776
173714
14839
-62345
-232462
382081
-794666
180331
-39970
631604
-134953
121272
-331286
386257
170060
279373
-12295
-921809
-978041
231681
441604
-37571
-82555
-199153
-286703
-89625
-570983
-827403
514957
-381796
601754
-180385
-771079
-575206
-703396
-83822
-404487
-948596
-617609
884635
-90654
-983169
785691
660394
-723197
-259150
-446883
484208
783979
-999979
-592460
-646528
-5965
224665
-509620
232849
-460578
840039
751961
-951599
-652902
-480650
527121
974967
770377
267723
296
-141615
569954
746108
965781
-357320
-680066
-923004
-808037
108980
-890544
962495
256851
-613942
265827
-525689
221068
291382
934596
9673
304089
-808047
-359510
-612539
-450634
689436
664535
-406917
664242
934038
-712730
-406175
884581
452312
-125973
-536430
-575302
78535
-481800
-82394
507604
432386
511502
888087
-772099
-841830
410395
432956
-139279
198431
779830
-569397
-225319
-10586
-143993
-372745
-781059
826482
-729395
462132
402319
-565250
-517330
-782646
-352162
517214
826721
656648
299582
254190
173782
635168
-252457
-427016
753951
-950081
-446414
-687585
40186
581404
-710972
201714
301774
-925966
949613
415662
849120
-300713
763447
815155
535218
554823
-394576
270559
-15238
-456163
159736
-849027
-889493
-253986
-861836
313143
-166882
177780
-87305
350384
711559
-245607
594737
-544901
181445
-889252
-565612
-742062
-234058
576339
-151414
-225082
-786987
-567374
853793
-983343
911075
-718562
838127
-797499
927190
-698002
311551
-521212
-899194
892759
-39421
-714587
-255844
-762824
-539726
860678
840996
717931
-645989
-788372
-378113
-222053
-479418
540263
-945946
981955
-894255
903600
-304684
716914
-791950
586987
-698296
-431114
-709202
560079
91623
632722
-704183
-533374
-488858
151180
244242
411609
-679040
-890810
145061
151677
-798906
-64596
-265072
-450119
-653318
896007
216041
583425
-771104
-659217
324163
-561816
203384
-422409
945851
-481392
-686456
-157795
-814186
772851
-817580
-984765
362963
275275
-371313
-916262
986382
565024
-106372
11220
823050
326361
689944
-8135
-835618
-431767
-468835
337906
943270
305814
178287
-250998
-592280
28211
-600140
-137797
-832548
23709
-298274
298496
-920325
-347013
-629847
883585
471731
949103
635797
-789861
590741
-475310
749594
-342758
914054
-420812
-224576
591524
-861276
-711425
502495
515213
-54089
-654978
-350536
291363
7446
309967
-931416
-377825
-143387
464813
393285
-597983
19509
-656673
674738
147261
33484
-778031
-69341
-263070
-797049
-251160
503649
212614
347325
713797
-297918
-825470
325563
657919
-444922
927396
-961839
-968091
-47656
-615516
535965
-789292
-620577
658503
-980548
304765
386101
-18652
311377
-419530
751385
588345
-467905
-499706
146018
481828
-833697
678780
-370617
378876
391527
975631
154036
-780255
542407
-96082
619991
973828
583386
631894
-781417
194813
74110
781356
-719315
776042
24405
-856841
-783875
265836
129592
-615004
807278
778536
874253
-148089
156228
-799915
564523
908642
-941762
-219440
203340
665003
-428966
635917
-748194
-120557
208558
-95537
116278
807191
728839
803115
86397
181991
-276731
314907
-143463
825761
-109149
273720
243590
493005
363314
-602827
932896
-190966
-217983
715444
-885081
-979480
-647655
-938834
-902679
710933
84184
250293
-796597
-926211
-974316
853720
-558030
402226
199427
940666
-834683
490535
-185508
-237170
153945
61323
-439683
-333461
-964074
-673390
-465872
668959
227232
-238803
-255767
672998
291291
685042
-954341
674072
-628500
369042
-230133
456969
-897498
855285
-920450
-648043
-450649
-914446
-276177
114792
-239098
36740
607516
-219809
-41431
539829
-144518
-808862
-237734
-792569
295664
-292940
458634
504268
624760
69293
-417315
-593068
-547141
-794527
513201
694943
-998538
344850
18283
-128193
-317500
-704790
578089
742956
561720
209754
-36949
-737401
-494227
-751872
-52227
60334
136588
-406437
-905186
428999
882557
-24463
20742
-516708
-608547
-415529
-710000
369642
640311
136619
-926392
-323595
252900
506870
956104
-680422
-911769
-509483
737322
579413
-552595
-41386
912267
982106
-218324
53870
-395034
512018
938089
784808
-180223
784216
959446
365859
951053
-23972
926598
566615
629399
510917
-509788
-765822
353143
798258
-518986
708233
-287349
66948
495964
-858878
152042
819324
746406
-163803
730526
-40531
-616273
107973
160250
328856
-546141
-272419
-246557
940385
967629
-689872
-30431
899995
960006
953712
-120891
-296246
-108500
490742
191970
-820191
484519
-816079
665487
646080
-263664
823636
852072
-405136
293925
82149
394420
-256790
-220826
124177
-941019
826936
-899715
721755
88869
193870
406781
-663329
-970339
381191
424940
118952
-349106
289706
-651934
832862
-277293
-374279
-545496
615285
324168
-173993
-324922
-646654
445692
945727
-437214
106851
-999827
-401675
501339
-196056
-668608
-176482
-980753
-591156
-764449
135286
152986
719749
120330
115016
694975
-17589
-818337
-26112
71287
-970623
-57610
-303933
274408
-511655
133683
-211511
552454
67022
262972
968775
-864902
267515
132675
344327
450550
158034
-533562
421971
-529472
995276
780141
540411
440448
-485528
779568
-424654
623208
218276
91582
-772206
-715561
-813555
191771
522084
876815
-71359
-253399
-647130
-301006
-853118
-554873
247832
575936
740210
892432
-426299
384250
938742
600260
-191596
-867950
-661535
979426
395041
696759
891210
-771336
419294
-139103
-387622
-607274
423897
-291845
-670337
830938
-281467
479475
986919
591039
309080
-535552
-44624
157392
870194
-568865
472174
-257491
716017
347732
-361703
199832
-106568
140472
-827749
-895801
-958320
-949644
39162
585937
-4283
-594029
850550
-628010
439428
247912
-475762
-995992
618091
-133369
758281
-137999
-388045
-804428
-498554
867982
-625995
425227
967584
347229
-400336
62372
54817
-387997
-752679
864768
-592083
-960014
-542769
27618
30540
-826433
187030
-845701
-907087
-349336
-439026
-758185
794738
-783071
-295601
566555
156191
-793238
73741
-478295
5418
667863
-113858
246968
194463
228928
-987008
93667
-525305
433883
-335685
-179553
198479
906285
792905
326788
116921
222296
95159
-793025
-438489
-97431
-837021
-591224
748710
38769
-971488
278817
716033
549587
-548642
-713102
-661038
-678616
808
883034
793829
-42397
-513272
869620
402742
-108816
828216
270530
93352
-934818
-104242
-756889
-395911
853996
-755407
-473386
-730082
-33139
540959
-37563
-953870
-890904
394305
623843
119461
-346306
881200
-883904
-325970
-572678
-956246
929702
-407261
82284
-118122
-510212
107435
71163
420943
894718
-930288
97181
433035
-951379
768778
483816
-252180
-359570
459860
980927
-632315
918930
663254
742706
-202125
-443193
-512754
436422
64951
-411115
141178
667903
-796301
-932691
570920
168559
735310
-589315
484215
80425
259646
636865
694270
199399
502561
513350
686300
489018
217652
-891877
662455
-396124
155590
194895
551388
-180331
293174
-960119
770599
-323826
-970209
109511
536623
109347
-210952
-207439
-387895
-994189
-257263
847308
727521
839990
-708057
-985328
-958657
-816157
-524132
670676
859783
-216704
-911820
-65650
46302
-801330
-562737
403512
-407233
807989
866317
-414165
-546247
-114695
537751
998656
176828
609935
138822
116768
228705
879037
34248
155038
197628
787250
-6229
95340
729715
606973
892187
187238
324426
-816497
206351
-222714
-996051
-719039
-516442
-845688
802395
87616
-133219
-160579
-340796
984246
363598
-854864
-410748
128371
-106161
126478
523
561387
952823
-881426
-762396
-452886
204755
240695
-25484
558933
691565
937648
-291331
-898278
-245314
-848742
-698761
607414
685436
-47365
-575787
-135530
517675
951191
120751
-193087
-90993
-19313
897743
393344
587575
-61946
-321624
856032
396232
-210749
901114
584633
-562530
-39129
-690214
129906
174311
46542
654353
330300
549693
-829598
-88598
441607
-10610
-476548
-416003
-720446
-332326
849744
913248
-413867
692812
-719179
-159108
-341678
-673235
639982
-92217
758854
152430
-984004
441009
-339828
587430
-822775
-646019
-354929
570804
-706703
541768
-203345
-615741
51727
184956
-412815
14358
828423
889075
911207
842804
-154938
705039
351280
403697
-1717
567742
-791263
391584
-124984
735358
-560675
-588594
556110
-338482
100174
741234
-574030
-864175
-310827
-572613
-858855
806168
360544
915338
-327076
182208
-600701
403502
-78234
-774589
64399
261419
860861
147369
207117
-710139
411685
700564
812911
-401211
-316400
-514564
-362324
-111413
887017
669865
-759825
-185278
480888
135115
700765
-732605
965734
535571
55155
798100
289146
-887681
-357638
-515090
-463384
618022
-769166
-709267
-246328
-203538
-644255
-965081
567379
-302016
853670
781335
435370
-644881
506553
-215725
-163327
-279924
633653
-509699
-637807
312610
924941
-784932
37958
-577187
572912
48403
-500997
407584
-820330
-549548
-756082
-772536
534055
183232
-159379
587839
557624
820841
-640901
479630
658464
24772
-776052
-805669
-312336
-516745
-64951
887071
811575
953996
-253448
-85099
-366317
373728
860739
540447
508569
-904541
882107
725595
-972921
-787945
-174191
526988
193116
-575698
-774535
-635422
-430634
723043
-258924
-711374
-808016
232904
945480
-27959
-230043
-226924
-551738
729569
384722
-302361
679935
-220329
-91943
338261
-727856
-696147
59952
-565064
-261333
114370
99522
-623680
738479
-486292
-967526
469472
891981
-174123
-682661
-896760
-979984
612141
-876479
-217095
958867
-653710
-482665
-479635
-903831
765228
-208853
-670673
624521
867526
-216669
-582859
-603767
137942
-654057
478648
513887
556955
-934190
246991
157334
468528
-43233
887193
978023
750660
574348
-294874
268044
787436
636319
-323622
-438034
-420328
868827
-942649
-148620
-470874
743953
73937
-386757
569535
-818370
-29491
389360
817486
-178913
595724
31328
-788845
415745
-464518
-777716
961405
-817222
431221
709539
210905
-74854
240053
-37599
589040
482138
-970612
549465
864062
-495295
344630
-835764
-149386
779214
813003
-911227
-433632
50534
-833628
416478
162494
-769701
-887872
-497038
-168276
-862698
-955273
956564
-779678
54175
849773
-83087
635550
-91488
153396
868993
838273
47638
-34741
-82880
-842323
325816
280230
-650044
461721
-981895
-11427
-639772
199979
677613
-707863
851266
527542
-35240
-800931
-12002
-544669
535465
367937
343760
-119919
570156
-354697
305274
-720421
-236323
-745130
894475
-825263
-828617
-353125
701164
-197378
-307882
-932051
-55034
340539
-256306
-356468
658214
133864
447603
-717919
913055
-302730
448999
849224
913908
-999063
-219388
-179082
-151340
76014
516409
93013
163447
374989
423443
-773952
685393
823384
576626
138469
-564548
-86029
488054
57348
741758
892843
509940
711790
-994620
-844580
-160488
536181
-427054
-337357
-446427
-408317
12988
-723137
-49334
-661397
608371
897452
617534
768459
691639
-500039
-657176
366659
-35473
868372
678628
666248
-389874
-790195
373645
-493683
142928
-150823
-469350
-632183
124389
-898770
626651
-837054
983216
-333679
372462
102430
-601728
-541683
728622
-99939
-782723
-290784
970267
-70856
174865
-151666
170630
691715
-861262
190244
735098
407525
-605945
228656
684525
-580743
37065
323492
812953
304625
-296251
353687
959874
986510
978769
763748
115745
-423303
616002
614444
-128874
995922
-643686
-234208
539633
911669
352725
728680
-889162
-196321
596196
996200
693708
-819989
-544441
350171
583466
-532230
943819
-918019
196882
731731
-582395
-434384
762204
-35340
-311
235200
865323
212818
70267
85683
701111
952951
-671653
-200282
-981258
810069
-773459
-784466
-700370
-27243
-689772
948034
-676625
621862
790924
144654
475992
608802
494964
-839525
5320
60050
464795
-418973
-648746
440978
-851987
561716
162074
39530
457789
-703218
-121273
-96555
-539354
-769
-653678
-143647
476563
865239
-411398
-679967
-271357
-348504
69428
495706
911448
819340
226099
311965
513193
537287
396184
623642
353763
-655495
-649573
836250
-595295
-404646
-795626
-269155
378783
-306881
-13840
-985416
-887741
-601972
271843
-500326
838295
-921366
180050
-751322
-754404
762192
-638458
564488
-318217
32189
21531
-652190
-419955
742616
-433896
-525290
-690024
189126
-703239
682436
978737
-759721
-17353
-867638
-517853
534466
-566851
224033
165403
278690
262692
-366006
-318900
809907
-20517
725528
928670
499696
173843
960530
367201
687755
593012
376419
813329
-660619
84577
-292678
-803000
435988
-21852
-863394
858179
296144
-186659
498388
990603
-462397
590721
917904
314865
-820861
157949
47350
249884
674508
-464135
119959
59511
-138420
-167205
-129943
196141
428698
678499
-673905
-595694
911807
-573741
-868355
-229974
910777
-880197
333317
-15931
328111
834138
512112
-871010
-842881
803434
18704
-453626
585673
-634695
-843483
841884
-269939
922752
152500
49670
-960420
903222
-60869
707299
-315616
-957908
-710389
701605
-737763
998182
-576928
682185
439590
306567
628591
530927
-819176
-177256
-663481
909297
636548
-443520
839189
-3389
326537
-805685
335426
672684
-355332
937617
-259283
-270583
517403
-72473
558583
-651141
835127
767657
-800843
-438518
-187838
264504
-638978
850585
-204200
24931
-261341
612872
207779
462596
-605662
-310808
982436
-249743
-579456
-555829
-58785
-962186
358755
-97499
-116533
876503
83702
-703791
-459942
-795000
101282
593897
-509082
-579133
108519
-337460
910178
-904114
217991
-325550
-840357
-145167
-739018
-865665
-137889
-72648
-410927
481971
-200431
-697461
-694586
516104
191946
-519487
-248097
148758
-131205
21882
-658800
-637725
-222653
149999
-514142
-401112
-212201
57172
713436
623766
421009
869203
-511476
-629731
357925
534852
-447175
-827405
-570628
-187525
730905
-280442
492468
11627
846414
474909
-361019
-629464
-627016
555709
791253
396246
325086
-8763
480519
882948
716314
-880878
-850210
928965
-353899
103360
-272091
-864086
-217692
-295729
-369720
-867368
-442320
667750
-882193
516060
-732959
-502560
456469
908737
-781464
-175979
-498286
190281
-724913
-314356
678102
611353
585584
-467799
835761
751966
-663921
-193373
-637922
-700071
594954
-818407
488521
331676
-341714
-220229
-4319
-839948
-165159
-793994
-716825
570384
551159
-150319
904731
-350847
-631243
840055
596011
-353894
-445781
512494
-613155
408005
885628
-671283
-986959
487674
983957
506174
-102987
53524
-111945
-738905
493813
725425
-957703
-256035
918458
-4096
555113
-549783
469315
-19339
-578738
-542359
-722932
-225362
680096
573645
130518
-527975
-244122
-462732
-632709
399691
761939
-687921
947246
-843040
-610606
-41671
340255
203322
-44493
-695960
202307
964938
74591
-313490
661775
923089
-259296
-445072
-208014
-922359
-883742
952147
-628223
85613
-405290
190153
97682
-256439
981322
685450
-236365
-881452
-396333
562939
-948147
295996
542170
-344118
-481555
831634
699692
-56469
514157
-427015
-175734
-810046
-386988
940509
-43569
735483
282954
-978973
-992768
296183
-998375
846672
-709489
736798
-270608
-261388
846126
493447
-58925
-842812
409858
-104149
-475584
-590681
-256964
171291
532153
-99245
-573427
-812376
19725
-771951
160054
771251
127249
922414
314355
925134
-305913
249534
478214
428470
240354
321403
-927823
-652286
-606314
32944
-316940
-263381
-472753
715023
940257
980962
729931
-737441
-733233
-745743
29695
-24446
920537
-194977
945471
-299852
-857163
-334092
739202
128775
-197341
753112
437519
-323932
508805
18931
-90088
-372486
-412632
-53489
-351944
-984353
908252
896022
-539943
244017
-386568
-713063
-100550
-312746
871199
-229966
-876175
-602763
-499783
840807
557813
429390
-153391
-824815
900656
-68628
141537
-755764
-81505
-358950
-633690
498851
657552
-736514
643573
-22705
-745759
366889
-690849
-223005
49249
-776966
-733129
973924
90066
349210
-886794
2979
-494963
-72313
527648
-266302
197774
-396555
801022
-430393
279482
-50183
711322
-182975
300557
992766
-308084
-121318
963613
915459
98158
-436399
-670638
-110811
843995
20941
283378
97656
998061
275391
868371
-516561
421887
552625
753026
270418
512672
-207275
132382
146178
-694168
743312
-182120
195434
-714897
-8658
703317
-249301
685578
658198
-491535
-121274
509680
-618388
-908377
625781
-744502
-637533
172489
-277418
30534
-26578
-379533
-736074
983764
43957
837235
-629204
-605367
-152065
-142047
466021
-674307
-972278
972036
-942577
585513
-785547
503867
-352051
551286
-818260
-721166
840675
-618939
-358845
662095
-318179
729690
-204679
-141037
722248
235294
618463
183930
-774498
740234
-776517
-378276
-45090
-911119
671465
-294979
-310133
-878728
622643
-649315
327363
565516
906258
-836266
380920
667950
681241
495570
374169
-883174
245269
704528
-13590
312721
77897
-601707
-420832
902529
890925
-172987
441368
243407
-469733
842723
297816
-566784
-358926
870147
-323768
-52141
-513757
659848
674382
595709
-740018
-872073
-239242
442112
549019
-21839
-202461
120851
-817839
-731767
931730
-581415
633973
672921
826758
196528
-107447
662430
512259
-306387
-114475
-614366
139410
-664870
-762896
-8572
-908645
-93588
-323748
-229493
-202732
-850481
159983
-67098
18086
-434161
-29768
826997
841681
80962
637050
294095
886047
5987
744437
-98785
-427561
-476030
-301672
506563
-490605
9522
551237
-546557
-28089
287133
332641
265843
-836080
673011
-111539
-888310
-930267
-781061
-525826
-568907
812709
-32660
185154
-383071
-361734
710235
-565515
888275
836601
-417186
33702
-101968
-946332
175576
-686521
275376
-289687
-736346
-66842
748978
27655
867662
390361
256181
410009
260013
392336
-817146
-850034
-34199
-927607
-709081
873402
124261
-3907
-741736
468228
221962
457756
-139806
-444132
-251001
-970154
791977
415232
-599834
37167
522428
595520
-324841
-777819
342241
136837
-509953
222641
202801
-575917
-764786
94597
-171255
504162
276513
-737546
-639135
607444
-367960
-195476
-383557
843768
-228530
239559
-594216
-139912
-822000
-801864
748254
-918307
114005
861621
485649
301727
-677754
-559778
623190
18069
471444
254883
-638905
-259760
-616323
600625
-582234
-72230
-899307
-538263
-60390
-126555
-971335
126565
164052
-412509
-986883
874603
-132696
56941
505890
363849
-98422
421560
359804
402830
669552
595367
48168
-740360
-426089
-334066
-579625
-817468
887248
-722779
-786033
387429
424221
-881201
635550
-96905
523429
-755232
191155
220266
-772014
193836
-662760
991039
-106001
-451495
-530937
501150
-4877
948621
-599002
676515
959543
-923753
683647
199960
906358
-365316
-257078
61258
-713237
-517837
279435
-246203
549120
101153
-642541
49976
-490263
955768
-668282
990156
-573848
-807787
548678
-270634
860969
-151418
-808435
833431
978091
768460
-483125
510287
431982
535733
59759
330210
692429
489853
-271163
352327
-570656
923613
-359710
262709
-516365
995485
722447
-230082
206980
75037
274340
-367670
-954687
274124
915062
-840855
-735036
343889
-319349
-79532
856572
-897324
25850
-574556
-980819
249516
907517
802326
-918378
-8620
-554077
380996
334214
-934700
-895827
457787
-990753
590445
314134
461126
667268
-743753
924028
592805
-494235
399908
-776275
-264000
-385628
673782
-237614
643756
-493620
-129497
-105945
-647796
535626
973790
-90770
486486
-247666
-656730
341036
404406
598095
-669208
-491623
-164422
65113
-300604
741878
-957503
307002
634839
-407629
444136
754815
-178605
-516992
-884337
360803
426879
237508
-72804
721431
-28652
-403758
362886
-990841
972380
-97235
280066
-465206
168562
-647051
902277
-885211
-140511
199018
408059
-610835
704676
737836
18908
-548892
41706
-52265
14751
-660596
-706021
-440925
290792
486011
-280660
532053
763445
432540
105626
-545981
83038
-194401
157938
570084
-425012
654690
-288058
-112233
-292941
-280830
652138
768432
871326
163471
380383
273831
500464
-911723
896704
135778
-311030
-823289
-841135
949212
-127024
237773
504963
-210597
420849
-105631
-448161
659503
349355
30340
98943
-820179
-768742
-907027
-576669
286475
-934844
217383
189383
-310623
575238
55746
182783
-60019
-177587
347357
24841
221602
35246
204842
-54755
-745346
133966
-46165
-722482
-491780
232026
44200
-908902
141561
-90273
358743
-10529
942284
-377005
883841
-433396
-827835
-792133
-881572
-605019
561207
-54805
-401645
-754752
377510
905801
-252130
997637
823932
902321
606163
-714399
-385450
801475
-959499
-682973
918538
68294
-223945
-275740
-499281
13292
953176
855333
860332
376524
863174
-943006
179175
-821919
53924
431269
555946
-451231
271003
671782
144617
-793577
-72232
-110074
392156
242847
-146670
-660115
-243849
685062
551167
-686100
32005
368722
-295311
266003
781594
-112701
23223
-546000
287630
-127782
-378568
-548721
-872883
-216523
-947199
817710
991370
-523759
-115380
-102036
734158
-544354
725216
-262651
-31830
-371102
-887861
-242736
-863143
351137
743467
-369770
-506521
600237
105926
154902
345199
923905
257430
-497456
465339
207731
-920336
-927723
136599
-532652
-68711
-456172
-274280
581116
369834
-309896
-908756
97696
357386
481859
106190
-364508
-597045
-67078
80332
854806
291456
93789
258081
620183
-98898
-667926
35638
-4898
683449
-432387
-969601
379270
832783
433028
-950259
-877013
-87268
360926
-852831
937151
-266477
-572457
316899
703244
149887
531122
-739168
489991
-54314
-304536
148058
-303638
221882
-433301
416275
-371514
198306
-262856
640997
-472082
-278206
171965
554338
913765
916838
457366
-61841
-63602
356508
-135514
813530
-993850
906622
672609
-402286
-311677
-178387
-558367
538364
-681236
543757
-170007
-554047
367879
513166
-23492
-463398
561515
-482249
733087
-647872
951823
-360917
-222435
49767
-956820
105144
-784988
-457566
247573
-35456
294596
-872874
-734332
-682758
8802
88442
-124505
-247639
718443
499462
634783
844563
-329748
-245437
-536782
-429562
-601090
-982698
-681005
254910
727381
-983881
715821
183704
-939042
71234
-262890
-257363
257873
947338
372866
106709
835013
934677
-153809
-799200
461569
-413287
253831
-482495
-102302
838831
-762466
-711939
-465202
553338
637692
115026
-734276
-117971
-150989
76125
506510
-478512
-872088
-18646
-761324
262331
183541
-736399
911363
-735259
836108
842547
-392062
-656025
496755
-606064
-967082
355889
-248309
1891
525993
389011
-876828
608644
733488
694404
657219
-674518
-165991
-59513
138663
898161
-830104
-677071
733608
563882
281452
-700847
125091
-952976
968664
157575
-97143
-37575
-709611
-929173
-988026
-848723
134640
-421251
-730654
260548
890338
745543
-578967
-21766
632924
427220
-635188
203911
-270563
-271307
-482874
-763687
964378
243233
235423
-716347
-320769
580452
-59107
-353388
363612
-211199
-738206
612954
549013
504604
-604836
763915
-865154
862279
533162
188751
-302385
485709
-103649
436122
-89590
-882461
-434325
-369784
941682
-638581
654873
-834049
721885
162494
-572195
153211
364704
-171247
65814
-785436
15177
458936
60379
433934
-499448
-868342
-762014
-567157
689139
-330994
460782
523718
557821
30337
898756
908592
786789
12353
-515103
-739300
771318
-325026
551985
873721
31730
465668
621007
283295
586028
981790
-871977
-760997
562294
454194
-421572
-789305
-168460
-759949
-254069
796469
-433975
-148925
-87437
583931
-207681
920344
-244218
582796
659678
-221832
-429518
792515
426281
570389
973074
-598454
506725
347017
-149498
-694900
-220517
-482199
-889154
702938
-621310
303213
-523855
-778815
704209
633935
741573
582116
-731677
-496739
-318251
-255282
870337
313961
-488881
-634788
106790
844460
335898
-304489
-660840
-291854
-223174
503054
921704
-525968
395204
-194117
591031
-283856
-917484
865649
-512298
299168
-287957
638046
595693
-966299
849102
176305
-880131
-261781
-55215
678416
-498768
-60097
552182
198498
-573282
-958786
367726
-613129
-736668
-99977
-648175
-914667
491400
617847
-772770
-733759
-228777
-929267
-749613
110636
-752331
-572756
-160767
-69963
275929
297820
349985
56330
-31380
103506
56288
-94421
-400649
-60794
-160638
-999017
-158640
-764282
-86174
-898681
827811
427050
-164261
-128547
845448
-4971
-644028
-191779
-55228
404566
-151286
-889289
627883
-281848
-151445
-564371
-662217
365817
-840676
677346
393738
-823787
-116677
876096
994225
-794882
-906223
-627257
626804
269887
-937204
325271
610431
810047
-497050
943536
57415
535565
-975020
336591
283397
-116077
-703461
-493900
-712757
146219
-820922
-600482
466111
-707991
157576
-528352
536377
702470
835581
216837
-450120
275078
-357974
383244
697788
-871220
45700
-928127
-823859
-126652
620143
564251
582071
-880929
838162
-924437
-390196
-49663
-12602
-13820
677297
-793527
184233
874430
106177
-35340
-29895
563810
266957
681844
-720892
-213399
853663
121747
-569368
-303851
737568
208390
-552153
-325220
-967952
-106624
191382
-658033
-310159
570271
-505627
24746
-325954
680555
-174191
-730066
419146
-288711
154064
-41592
745676
-257756
373161
-174514
512245
-725657
114545
828782
619796
-684609
-202116
522290
-533183
658656
564693
-326952
-106286
-108204
983777
-354899
-513105
214332
-94659
549562
87581
159326
328728
757054
-142313
501044
-29396
934953
358948
308698
-573704
398364
-477619
435470
379502
-157412
632136
-976916
703094
584617
-603264
845235
-366777
976274
-717110
825039
-889947
279756
950946
492067
-672990
647883
-124336
771336
65620
53998
775192
-91460
597814
-287056
-885192
729394
904021
-203479
-718910
712902
-34034
378415
177209
-635468
-102456
360681
389147
-647271
-222987
988251
-842232
221931
67230
432449
-529135
-417567
-770368
396836
-780991
724422
91505
674010
-852219
-648918
872403
517575
-72177
736387
-708494
-499998
-894073
-952627
-359245
-773627
613456
-245735
979432
-231534
316372
786868
-282571
100191
627828
787579
142532
431022
684123
-893173
19087
511056
-618452
-171919
125624
-555265
413648
-801493
80779
-247292
100546
-593448
-650580
749018
221989
-653916
924376
-34960
-820128
205199
76336
-221380
23057
-970766
-373266
-526243
-318444
889048
-959926
3897
566855
415062
-453238
-838041
127853
-684953
-42076
343651
-901928
195586
-294487
538551
-807816
578193
-859686
952774
421715
-875583
-843233
-966347
26315
-891378
641795
-248931
-67766
795351
-961769
820416
897430
-372048
263991
-701685
-887723
92441
-513232
-246529
631057
884515
930043
639445
583181
-382154
-805925
577747
-34481
-560063
71618
-555989
-942846
-368780
12762
-899916
-359582
-405485
866062
-262770
636031
684141
-165495
98101
-464685
257013
399180
41480
75783
949873
575411
990075
-933815
-619284
-732166
997149
44791
-706948
-385970
526128
662451
950518
-354502
-276275
991452
429014
-495175
-510619
-745460
920589
222317
845254
-423374
-876380
-895096
787551
238758
-325948
-489877
-393536
-543632
-394074
-133189
-626172
13085
-631234
975391
-724437
-11749
805139
139508
72293
-376728
-293056
-71533
750314
652472
607378
-532070
-765746
121258
145147
-117172
114153
-400179
586220
867490
-858145
187963
675653
670728
-616575
210111
-62237
29632
685800
-909024
813800
724550
29017
894474
-345812
382966
937149
-943509
-359774
-856871
-865258
1308
998515
616407
904072
189662
534880
342645
-223121
-830846
-100020
814269
479670
-172320
779523
-316763
115930
300847
-470301
-858838
-63310
477867
-497996
-114756
944130
-75922
15433
-128994
-192051
-150091
-764301
-410990
-546541
916965
345241
-825335
-454317
765228
-895723
-482888
-446914
-146978
-924482
-767108
791307
33950
-179503
-874676
804991
18466
142889
425215
-768381
14553
829110
536293
729518
-286685
371890
673996
-928272
109084
882390
-186824
-982064
-603162
-287608
130376
17924
-761165
-965750
-598265
179872
25771
342628
-509528
-809580
916202
-381609
786319
983439
-601023
-65389
763624
154008
171624
673599
187259
658451
641132
-903281
-663914
113214
804577
760900
-308184
-608218
401140
-474135
776006
794834
-173548
-404756
-781038
632787
-533835
989534
-29556
334384
-92174
-395365
-871135
-620546
-16825
-775442
-648407
-307788
-28706
396565
-695736
-263492
-879631
-288868
-569407
-758738
-215238
790465
183
734936
-664082
570114
742344
178612
-695302
817513
-50785
208024
240407
377621
829234
230298
-934109
-184013
718471
-508922
-884888
-171138
-408381
-570041
-550459
-128942
-172510
-352977
979793
-244454
667679
50647
-669810
-78349
-413949
25559
-322592
-312834
245849
-300517
603302
-221271
-351088
-463047
-837380
-391149
-828902
115176
-959503
-823028
499311
-441705
-448744
628416
-379716
649914
81485
384939
869411
300116
-687783
-764321
-863611
807682
-781727
503919
-817412
-649076
-284697
-242747
-315353
-675765
13139
759319
-338591
-627241
-476327
-231256
-829645
-403051
-551947
-354859
-542671
-11739
-131012
733326
-727876
-855012
858616
324231
255373
-615103
352630
-200123
986691
957781
-620621
-406526
-872809
644948
-720968
-572143
436191
360891
619852
-472899
-865978
725120
633792
-716208
-743423
-55091
999261
-631309
-928408
739952
839846
218125
-399059
225936
979800
266544
502217
-683027
-837569
-923524
430265
-648357
970301
369699
36977
-55485
287207
188944
-713067
-33827
-138229
-564728
-495002
-623974
-835851
-837460
960509
-489109
-23455
-565725
15071
-637365
-16998
372235
-980464
-573124
528932
-326167
450714
-182722
499398
-472256
300856
955615
-712552
-205513
935659
991909
-441972
-840344
984752
151514
-8771
891570
540612
-653837
-965901
-133516
-524086
527935
-736306
808522
776015
-946703
999251
-900626
-468295
-367189
642797
-486411
-229313
669207
900247
310284
448088
-285725
324799
-102608
-598443
-632365
-507291
-978711
-860315
-323525
924746
254572
342610
206856
-254195
726540
883043
55009
936047
-585627
-305504
-318533
-357180
675217
266996
-919673
-976052
-589020
611123
212925
166618
-347406
389353
225967
149393
942354
231585
-126423
939780
800686
-455183
623008
-723338
121178
654667
437159
-199499
-38809
347091
668361
859632
-606929
-358070
947444
914651
639012
-935543
-527328
312169
-712955
637743
697524
-908480
54396
537551
693172
63258
64235
324411
477972
742370
742898
-858708
640748
820831
407621
222675
332091
133853
314693
-842854
671376
-541939
-763928
-568624
-596099
-98829
-558820
-131861
-420415
-984801
-510533
731744
-911031
697321
-96014
-351517
701693
331272
17226
869863
-147827
-305377
814162
-951828
-158448
-500649
31906
156140
-352388
781879
899359
378475
-357704
588258
-582563
-913242
583239
-641370
584788
73966
889854
-42287
-583804
-970541
292514
355225
465170
800640
-473807
-282931
-594549
38313
-52655
505572
433330
676352
-741660
273
5609
-825898
698380
-314406
580791
218258
772111
203368
-592203
-986148
-802123
433085
740601
-967237
990864
-255624
-180515
642696
-708669
206967
149445
-943974
267663
-752903
911857
-608953
424262
38848
140041
-552698
229116
401036
160546
-465638
-207520
-877031
-879574
254912
-215743
-844078
532930
543488
-775351
498186
-275071
110744
-208661
992999
-847606
285526
624128
419516
-53339
392939
839905
-401004
-775346
889381
115492
-166160
-122426
-336272
-618084
-613787
-699329
-741104
-703430
163817
-915262
390676
-551341
-693898
861852
837248
-604930
506826
796738
377247
-272877
171790
420221
-516530
-969197
120434
-704060
-567445
-863998
628894
885913
-201055
447043
15873
926128
-46316
-211154
-375468
-637983
825676
-254573
-958879
521307
-602861
-842234
-214749
-487800
-188531
-601801
-584566
-204070
897361
-486177
790529
419832
49476
79651
614487
-924184
426585
-343156
-487452
533794
174329
922144
-113682
551886
317569
957355
-656365
973224
172573
304140
377865
-446597
745668
-258310
391268
714748
-584754
770185
-152604
728271
-950988
233254
-552873
403803
166737
-707596
641348
116189
624367
-710375
-777540
406684
383350
677555
-75289
-773164
348833
540904
-174582
434238
-395128
619419
932306
893054
269684
888757
105105
517430
438654
-606789
-187955
-11664
141946
268483
-219276
977188
327742
264597
699790
524997
-414700
-407561
802254
505435
624685
-243968
-942289
-191254
-518741
-284811
-83412
-674817
852578
545686
505592
673042
718941
861406
123886
931841
-721300
-150270
964976
-462110
-801091
608816
-249738
589016
648062
856705
985431
17050
266457
671588
-620235
-694062
-216552
-173476
-133410
1371
890124
-220671
-965590
-116377
-869089
933228
-699536
573967
256672
65740
-85125
-512358
902438
244570
173718
-585773
217646
429830
727485
380376
-994863
821210
18835
-373187
490520
281522
280535
196219
-415480
499866
616726
-159333
972154
726026
-467893
-533301
57401
-664461
-751806
-868386
149723
545840
651545
280485
858296
-270043
565705
350330
825783
-791008
751190
-980410
968511
930589
-553078
-885390
-771003
-601399
-638618
722911
360881
176655
-728232
555785
527878
-45049
-488627
318850
-269304
261748
-45855
-911159
-92750
110362
-594834
177467
395050
288439
-160059
524431
-160090
-299279
-683511
718698
954534
462456
737179
91567
-505724
709728
-32206
-991132
-195095
695000
-594289
802477
92455
942947
-417510
987918
-285121
-904264
771981
617782
-407223
313818
355261
-661023
-451452
-61402
684484
600616
-465719
-643124
566578
-49223
181438
534360
459304
208845
-909610
-268022
162921
-989014
-532170
-506873
593366
-872004
793557
766954
4404
600764
-540038
15983
-218830
-374773
93911
-461580
-968079
108631
-51782
687038
-615680
350094
830051
136141
-599117
-319602
251427
374401
-83834
-502549
942121
-474653
295529
637457
213615
-195646
-944007
240790
864436
473385
-306298
-56510
718221
403718
-199516
409683
-530039
345234
91060
139615
189462
633297
495074
451343
141368
650860
290593
248869
599208
630215
746256
-315199
471911
38811
597126
643809
-439878
-587272
424321
-795422
578044
267997
-684003
916443
201009
-338488
-532717
-457258
-921653
546676
-91936
380789
442411
24580
948249
-409868
-45734
857130
858632
-378054
-914292
575814
-475951
142071
450381
-278213
293347
-293414
-993267
523786
935577
133428
-764304
-462028
-114356
-709004
-841205
-517462
698504
697592
-667235
-137637
-903486
71714
-831435
-408791
280335
860937
692202
-405015
-511517
798431
122352
970266
-591115
370935
-173130
296662
229512
667881
587290
-349037
-84206
-634489
-933147
-231702
375168
998607
-18079
766292
-568130
-928056
73074
-296908
-446206
306135
581282
695098
394142
-71271
-741851
77463
671551
-319871
-349643
769934
789625
-84940
235359
-660460
24011
491437
712906
361290
714007
-834010
7346
-934551
661310
303417
459319
163786
-79482
-592122
-745368
-405692
898082
411305
-424453
-434626
244107
-29295
-686305
157835
162574
-928115
127156
71366
693269
520501
649915
615324
979091
99213
469083
-245623
-671570
-957380
166541
-881567
-160032
-963715
809412
197624
378999
774196
-744187
553876
13510
-71813
-243531
-61076
739933
642669
-771400
-380077
-653426
542461
-693547
-528746
299932
310521
933731
253143
372418
731670
901692
230559
798087
944427
-317723
900952
538830
773996
-438107
973839
-341906
633265
-131002
-317738
496973
622861
-186500
845082
983493
621159
835974
-282291
-137009
-282221
-375834
287559
240999
534054
82820
-654279
282362
-740384
-544088
-624713
144661
521349
-643645
-784544
-741269
-275993
719470
-284613
-454339
517532
593758
-532070
-872568
-436762
281857
326948
-577507
-649110
816127
-939279
-431629
-900624
-587781
-207069
-374416
870302
-934422
543525
62386
-770609
-34018
42812
511984
-973588
228006
-560545
849758
564488
-218804
857373
-870890
-454280
-136133
179317
-243667
720591
328828
280887
750102
-837330
-747894
758680
91221
277401
-889154
28335
-955357
677239
606610
-949429
-681002
-59070
-866710
-335583
170544
414825
-311551
-155064
604542
-773275
849326
373657
787083
-214646
258664
-929930
6886
978149
-203407
-139214
-640364
389480
-764552
-519018
-477963
-923328
511683
-14486
-556386
-610924
-590246
-906330
719085
-467276
-394051
186377
257042
932004
-21890
389073
-599300
222051
-464901
701880
490408
-948270
270785
-674760
-747747
548356
516184
-699733
-593760
-916141
-590826
698050
223552
414555
650103
-713803
129093
-569223
394195
220138
-238613
330738
-436735
-972420
-12763
-181096
-531858
53256
-415446
-344023
236894
38343
321979
-903399
-202873
565007
988629
821520
-410676
-631385
279707
420786
695610
702446
-39970
-368765
-239473
605371
-921332
239776
-758902
405519
294615
967404
-58436
-362482
835289
-941059
-719327
-217257
-799390
628487
-239831
204788
352115
581189
-307927
829984
837147
824141
-219896
808178
762675
868576
894901
-550570
48251
34878
-74445
486731
998682
-867344
-514850
222312
-224756
-121535
644983
160739
-284083
50173
895915
-754436
648588
-659041
-914951
-877454
-101911
770941
726074
15053
-285253
-909250
-813884
-1404
-873652
156874
-990918
-552055
238290
385290
311907
-914316
920720
-523472
-739112
-671494
32305
-773395
128685
815853
-818485
455037
-748216
367602
-810067
-525048
202735
-532342
-424142
139038
-159108
-701216
-189094
433885
-98886
-763301
-239806
-282470
-745953
-703388
-216155
31133
-148094
487074
491517
-905713
-542550
-301410
566690
931249
150334
159122
-801927
985460
-887738
-685534
-814119
397492
407325
136634
514146
671834
992169
205667
664723
-2882
954027
783953
-288266
83614
-307540
571018
-986825
815881
-410864
-644020
-482736
-356415
580368
31561
43529
610374
-853982
142554
-808505
-982191
424582
-751287
894253
42508
834450
930170
-434722
-781952
-97185
-742403
-559526
923663
-809020
-8870
901772
682661
857305
255471
871987
93239
759275
419857
-517769
244109
294952
-38577
396948
-415757
-614181
2001
231235
661035
-943608
137814
439139
424094
70736
581353
-681535
-829660
247549
-433672
-296058
-90407
-624363
634328
652779
-871562
635520
-498300
-848278
381183
-194762
-393421
-411605
4053
-656114
-135375
-882582
-369950
339109
-916901
729308
-727102
-25630
-378563
-834728
-340057
-896656
-375586
213672
-80461
303320
-134494
373432
-918615
588467
-400139
-364855
249049
764136
-629558
461319
-495100
908981
-484946
-878196
612885
987331
-323801
853281
187296
-813575
621104
266496
611333
-17271
-373984
-89245
-558655
-415196
982298
-337934
-691100
-911359
-881985
-13809
352869
-339235
564816
787900
14665
614126
490148
-998105
626271
-755636
-109402
-227921
-66548
865226
-488000
-706921
-312098
135491
-975008
-342593
553509
-843955
-298580
-796680
217553
75430
718555
-567257
-745675
-101264
29988
549202
-133717
-976411
-823465
467570
582658
29883
847327
783690
-565023
782000
-408999
591280
714748
658127
-784937
-144095
-929877
892043
151077
276950
906850
-665562
-459937
2709
-342404
113466
507121
276880
-282238
411805
901234
18220
-803324
678233
389645
-135335
-441357
480484
433084
-873049
857276
-656524
86985
345875
218248
-371805
481327
82764
-895576
-127310
210446
-22652
-986550
-624035
943811
-272892
869697
468303
600949
-656612
-773066
-613079
91016
-44974
655562
-65062
-744931
-158878
-832364
-139216
-115554
-744863
908711
-557704
-13463
-649524
907347
-642882
-316975
-654025
-58523
-776946
158537
-632370
-64710
-323901
986729
333823
-871985
6073
-616665
487460
123369
693385
165706
-773232
974389
723950
-854769
-9164
661070
703560
-217144
578732
830212
-490991
-924818
-940821
-854659
802082
547193
-340761
-714288
761902
598206
299117
-228162
409815
704303
575433
-188145
-831702
139542
631432
845430
763016
-194829
-867590
972618
-616748
-425085
-894281
938292
216043
-475444
-223130
659755
-500838
438791
-784505
-199333
826666
738153
-622295
-35763
539007
-915732
-625991
595974
97274
929041
115126
-463395
433667
-837209
-978354
-718566
-294568
-655444
491773
986803
249274
764794
-614640
842701
-108469
-184278
745194
-450131
50040
-348893
587900
-682124
647270
429388
-491000
794443
308860
304828
-250474
981350
336814
-791484
118187
-484823
-131833
836528
-630797
-693656
-246140
-56836
-319213
793469
-29540
-787036
90511
-821490
31712
-652742
848517
244306
676411
74969
-559161
603274
434577
865120
902252
-875282
-640783
-281603
-206503
397721
-129578
-458940
-526088
241561
760197
-866406
-526182
-519182
408041
-32193
647318
644892
-244259
226406
299682
766576
-21615
428821
-786523
-572957
194065
-246392
879711
801748
-335333
-215122
-475940
705359
589207
629156
245506
-964644
-232056
-69929
496648
-949336
630929
-970738
474294
672617
-142368
215515
663606
-454100
817306
592533
-114602
365438
818788
240438
56657
-536468
-658307
-786436
-334197
-38141
-58063
961260
-452296
337004
254635
370959
705016
764482
-930075
-77065
919253
-508467
528963
10608
-557464
980341
-325275
44346
860492
-353212
-852890
-587372
-310066
734852
-214951
296342
-805158
-403821
-797674
920064
-787941
-620962
908848
606970
826997
99357
358742
-875986
386443
134821
569344
-54227
896442
-606306
-283243
-76172
46755
374274
209245
742474
77758
-979465
-430306
189909
-409641
858811
-329541
-856097
415638
337413
-535592
585005
-478811
617223
-651561
425292
-189247
10533
-577863
68841
-941475
-179731
-665594
165031
128240
642032
-282552
676151
24156
-950660
912301
923540
964313
43556
-732073
670129
-393287
-620005
16393
-970086
-434206
-74753
-737999
-657367
-546824
438151
-333048
258847
-480752
-827136
802501
-433489
700017
858869
980946
592234
189695
-693817
-602159
769813
782825
-979740
170496
-579776
277067
-97292
557798
-453669
526249
-359825
45916
-777667
-405271
-696802
736933
854359
755218
783104
-620937
-589385
-214388
-418755
631361
-665809
869533
-611839
982725
795251
832622
-192218
504824
892040
-734997
747691
-932162
791984
-635904
796796
-531978
939233
-644087
572596
840403
362900
486379
-518632
10420
-196834
-234682
860195
224351
767891
463624
-572471
-723584
139947
-726981
-199982
564330
309269
412006
-700629
960693
866288
438782
-674848
617280
745997
932165
309989
-288168
390606
445399
-781737
806929
422622
-272513
422980
371555
-482137
-885667
673838
-934307
-508932
903684
-364649
-506869
-521940
-902400
151022
765982
-955744
641541
-663134
-273485
-916507
786551
-183621
-656934
-15608
-589960
-231421
-489633
211040
623123
741147
25143
415947
920575
146292
322863
-361940
607370
-692448
-92867
391104
555302
-950316
-758847
-437211
-865966
-420787
-822078
739619
-162068
-471457
-705556
-289022
759150
179503
-532458
-385584
-737830
118876
-251764
750129
159967
-418546
-254498
641845
-299858
405468
555445
230298
-598662
-784397
-258246
817805
-622623
-71721
434943
-912661
-261524
412212
466761
-727828
-554571
-850425
820922
589750
-832396
844108
-940723
-958751
809765
-5228
-104721
-408224
-43719
-363256
-889832
-163369
-481086
-851344
-386578
-8322
-283755
-197438
415240
898093
-789167
-598431
548672
-300896
-685295
-249233
831793
-838425
372240
-802880
-370476
-549589
640326
756801
-608827
-88792
37303
154325
-454722
-947901
-370486
-987169
951556
525870
-775184
-496001
724996
88948
216826
-494137
140447
777108
-851786
689283
910415
-880428
-338098
-899241
797868
-492075
715249
-790735
44698
107706
-170677
979163
-905963
147763
840680
333042
-97950
-178172
713664
466362
458025
-328550
139120
-413766
195947
713364
215950
-780185
-572816
619027
646616
324331
335608
809775
8217
-544191
-34719
811375
-204672
666252
684894
-140089
-433327
864989
-617087
-567920
-563006
-486058
373120
451667
300820
-459874
673176
752592
123153
645088
819105
674476
-125997
-801111
670658
-690687
-880662
279956
668150
846201
-235307
-20633
385681
-723683
922294
-270
691906
-362953
-261071
46912
-535098
393531
625922
989180
243847
942144
791857
-233074
-2007
-464006
-871266
201691
-962315
397842
-273014
-948984
-403951
-211701
587806
967375
-58345
828936
774474
757896
-940370
-295936
328054
-776105
361179
999856
-101909
-744990
938029
-331664
983476
-338272
5761
473781
-210118
3609
-177116
220214
-54181
179634
-747155
-476032
924058
-223810
597423
-763498
796507
980450
263484
-902266
108481
497088
519462
189146
972839
445530
29967
527904
495086
-649365
-137930
628442
346391
471448
190681
355975
696022
-29675
-242136
-519734
575140
-781592
789668
-668274
-932328
-666743
482482
-715210
-769528
662352
-539569
71855
738423
-330720
-802454
-75224
-104477
485844
-257542
74349
-990547
-611096
-680055
634556
123898
-368471
-144381
-391337
13569
686410
256176
-810523
712046
770736
870043
870959
340775
-809647
283257
713717
471344
995733
205417
87093
292360
-104134
-339086
306133
-962992
-121828
-284321
-24359
422769
713628
702105
-164841
993881
-321056
-344819
35464
550773
-715528
-728900
-280258
-21243
-874999
-98636
-66961
-238398
-538034
754870
-33705
-135620
-655596
-181170
687130
161758
-7720
456780
-128801
404443
-728263
-752482
-343448
428818
418050
-216347
943175
60546
-884757
-939611
-459302
-845435
691416
534499
-372404
32909
-256455
-409939
557847
-873903
656956
927311
-527318
-105514
-143613
485567
-348028
-769005
-708600
-921302
-860494
-621731
979488
-928300
-837154
-5949
-812036
-799996
-449424
315275
31307
399688
301020
-833743
682558
-253039
-870911
-100742
-750692
430729
-668935
735521
-364522
30465
880276
-716025
277678
994616
-150274
975875
-372807
-554096
-650107
-208237
-465757
74793
-245705
333751
-520241
788835
328609
-788032
-657736
683261
193738
202393
-104836
644577
-276478
341820
920215
-522062
-747030
43745
-287019
-751507
-395440
512233
862135
663860
-788143
-543501
-944331
-82765
374443
-576981
-791873
-46074
-644852
76472
-526917
661249
-568300
-383063
-244084
-427723
-981982
961283
725477
-834790
337083
717053
500636
-399801
252292
201410
34017
-128257
141268
430913
-769635
847950
-807221
352334
-513170
182424
-480759
-402684
318789
-642163
949323
159958
-497576
36901
