224783
-101176
-344690
-152266
-470597
114372
-102210
-910447
469275
-784351
-87148
715172
-547905
-363974
-132119
276859
-713633
-752801
580113
-910117
317187
882982
-411406
387604
1147
-692921
952908
150709
942301
80945
-945646
-945509
217703
486673
-941108
-778258
444725
387572
743916
-707618
-945413
97351
-539913
-173655
-906344
-440624
19556
337303
437609
609637
-71011
242169
16053
-366538
660889
956925
-347402
434402
810097
424924
908296
-17414
-527787
906419
884652
742586
-990878
721875
-791208
-488718
-359828
-332692
163872
872438
428201
942010
-506730
-556995
-199857
-253496
-972338
-157282
147503
110914
859359
-43800
-237740
890456
592855
104962
694891
-712313
-374202
713111
316774
141076
560838
3915
637586
365284
-662971
664813
215971
310645
288075
443768
720618
-154944
290451
-666403
-921972
-597921
-830944
-282188
853103
-664894
62807
29522
136717
529059
-891908
564406
-22675
271164
552403
124500
86326
-158559
-782427
-848842
56352
-47231
-613485
465737
-656120
29262
-317584
-233404
-311492
-176371
-536119
339353
-173207
-196600
539056
-762505
-284202
-837166
-869391
-215511
771937
-912414
-617259
468379
308035
-167256
-228346
-652808
-427700
-848827
-936398
-11761
-992874
-820059
-952707
599655
966092
552923
-554074
-557386
-552890
-911974
470382
323863
-701552
962011
788523
-4570
-539258
771082
62968
-719953
-460869
151776
-133805
130679
-707186
-224907
659557
796330
-378728
-416344
582538
-913903
758653
-657871
-568682
-250415
-337112
645623
720397
369603
789049
-124582
-82518
-363359
507897
239954
-706356
140123
234941
572493
-607465
989664
895250
850544
61607
-891540
-728508
-639388
854576
360101
926791
-47885
-830054
974721
-566553
580174
-700923
-425169
999960
-905312
467701
-44933
398887
563548
-70196
341827
297748
-477644
661755
455889
-349015
225978
967040
355797
360013
-382482
-427270
43423
-951477
798292
535953
-547038
859231
-478520
387496
295238
112698
-897610
641957
-926183
-684424
216845
954578
150823
-17261
898722
932861
-58222
567290
-724053
153842
500153
811774
-400655
-277391
-847103
123549
349131
450038
-440484
-896731
493678
-175859
385542
818954
739565
596888
22602
44637
582281
440006
-668617
728538
-963230
112517
-818136
21098
161531
848600
457880
238859
-486412
616294
145487
-132906
-889340
-632960
-909326
277949
-187611
-132283
164412
-75371
-705711
-345142
-880455
148166
-938366
593670
912748
121635
-861665
230323
-761248
-451927
-529145
410328
-412280
636008
-870345
-997580
324803
504366
-493316
-706216
224063
468066
-992289
271776
843985
-352088
-919234
647354
-17210
-17160
-683167
-259142
174069
-845128
669950
197344
-224769
-263059
405661
568530
-178591
350789
-907512
675745
-432597
704173
-45084
52010
-746189
865455
-690567
-434680
-615855
899297
626501
719889
-276551
214783
422294
-117929
392279
-476611
-703357
-866063
833417
489580
-948253
617699
227093
850190
-722149
-188728
903993
-278923
981594
389952
-485144
721108
741039
58575
-147610
336067
-655493
-62722
-870485
-537217
70040
-211323
706542
569621
-980142
486230
-867336
-173756
213036
-982389
-509562
-36979
-680870
568064
543720
981324
-190725
-371440
11216
-458771
3353
-743119
-761408
-99533
-59865
968724
-966017
85488
-858660
988505
138221
398096
638797
448223
-856082
-510269
-294727
599291
87438
-464820
697577
-306078
906354
-32916
-809698
909935
374157
680118
919367
-138252
-554085
62170
563645
-240607
-348652
-364436
635250
213535
-674402
-621109
-879011
635587
307743
846752
841932
-571018
-558607
584325
-444782
-208255
-661067
-71454
469702
-505326
631105
-282516
-648554
-752215
281412
-163378
530813
-764667
-311350
788050
-661139
335844
314311
-562161
-746731
-119476
-36857
-293792
-897140
55256
-732060
-698263
-859924
-561501
104966
590389
-967204
-477999
-470358
114569
-341383
-748678
-986168
-547149
-591120
107421
250055
208463
-763445
-32313
400493
603856
-606735
203899
229075
186191
-535053
959581
-943644
-779472
-768109
517983
-728708
-440270
851013
311935
164359
-496344
917467
-329208
-199191
218804
-984659
-459517
-359374
461587
546439
-896466
-817272
-68767
-311191
677982
565747
145980
209582
197905
68417
3284
-547393
395901
247797
848677
976811
-984483
131865
262660
487388
209543
848990
-340823
-144535
-894597
235437
-746178
78774
-399047
912800
806339
-141428
-14504
91866
221040
-556982
-952942
867064
368061
-339168
788444
-557007
618046
-102117
86885
-833827
955003
-111658
-489630
256773
508551
179037
95245
-970078
853052
499982
393267
-524130
129790
-996621
19447
199606
-489858
231645
561204
-74035
-55381
-495699
213715
-425109
-744648
-985836
-673482
-745693
-179688
-472083
-268397
335988
-940130
329756
626670
-432015
530750
664739
413880
-515239
948491
-882226
-489564
-452373
994407
-268675
458585
501753
897768
-938073
-803027
30694
-652951
705199
-129976
340345
549088
530374
-921950
388120
-65746
-990720
262119
59526
-479794
507906
-831684
-684948
676401
-129651
-485425
-950194
615182
58953
-94729
975560
-934564
-935343
767120
-555949
662435
-605312
-49207
10341
-307899
-400063
-568695
924875
582111
-502272
-596202
591107
681584
153221
-976742
-788870
-365413
74231
938086
215184
788774
842378
212800
900898
301660
-808314
-768220
-887961
-971757
6461
-30316
-908579
-776716
661827
406484
787210
514391
-112690
-192819
577967
-532595
-198723
280549
751345
706291
784789
744151
-669624
6489
18582
883469
-691374
-119046
-856859
154970
-950684
-986073
-624209
896982
-355146
-904291
275562
-44555
-412319
-245720
571787
835294
-106968
343671
549455
610528
-320377
-803928
33101
-192735
-506357
-886153
579624
231491
-501144
-545311
46753
-92163
-858041
-153060
-271273
651334
313558
511549
-113058
807482
99493
979901
128898
-127480
-339221
-172656
-625108
-262358
-882827
-427181
990324
-500461
594772
-392314
-214804
-409215
891723
318052
-726131
488003
-290226
346973
368928
264779
933008
762795
657405
516744
-438974
794585
-880242
-915761
-797488
-66324
-91515
680735
-260247
254600
-569018
294472
-361081
-176385
-907149
976726
-582303
15246
465102
324392
181285
594478
-221053
-389315
-629924
675212
109475
710489
-433448
-232619
-251068
450418
-173239
-601866
116779
-610952
588273
-583300
-440744
-48922
-202286
-509284
-648653
-448544
190552
593871
-166151
866905
350198
-884679
-414865
450201
156522
163113
30270
14305
-912983
-181763
-175197
-232304
736434
-141332
517115
-502646
852319
-639353
-470041
-828935
392496
-217131
630088
-866247
-555092
46959
535486
218024
-873865
459976
711027
-538163
-526221
482336
-610991
306693
3519
-814203
-494553
844940
743346
-790496
-752425
-240558
805920
113662
-9820
-433029
941816
-681499
619637
488077
238827
604710
-972301
151686
-343799
-67093
28997
763130
-761097
901990
239586
-989562
-683942
293620
-953264
-540183
743488
-614647
674762
-251615
46415
-942133
-189589
-784247
-613423
-821437
-152545
453325
-256061
361097
-751724
243473
-246512
141506
-70195
93806
526547
-801561
-158863
-292024
-225517
404228
424023
153241
274651
-434006
977653
596865
-476877
573549
451672
-687850
-574157
166224
-378317
-917847
6246
-74319
-910939
829126
-836856
-852853
-534936
-726435
237144
-550833
-339365
-631226
463532
783930
177861
373980
-285803
804282
673794
899458
360070
123962
283943
-399103
-314611
615576
-537907
619025
728425
-785399
-501833
283937
-496536
302603
-876366
965555
152456
-856827
-672072
-588154
-574718
-903135
-652926
926474
293802
180578
278007
-610028
-467528
413775
-908376
758769
-56144
423059
317193
992158
-204340
-621945
-396302
-993793
-516709
-932932
-640592
980961
719080
228524
-261687
550733
-950894
344374
630679
370065
464443
-911215
-446993
561718
733301
-639480
362053
956896
106824
-212330
-645049
318387
-302127
-162109
375260
757348
-865943
360890
-33395
-961065
-977990
247777
136031
879368
255852
988839
52459
102258
-746922
363613
513071
257577
-657255
164241
332720
537627
842160
-794165
534719
134243
-342045
-134384
-156010
138197
548172
-924489
-559196
-127993
-459551
-133793
-381851
-317246
-732561
318977
425639
-497912
-737761
351323
-725650
-173409
-533426
334285
-458894
301590
648443
-124999
128261
-776118
746744
605877
187875
134970
-819825
-403136
-406955
83893
694115
960991
281157
636127
455971
878378
-357273
-515733
-638466
533692
249733
-368125
-139462
-381786
426189
516680
350290
413089
954618
-566637
177399
-614709
-715065
391857
418240
-210109
-675540
-963490
-4126
-587045
505876
-763834
803731
137041
-173203
-832837
-161478
-329385
21063
608945
-978923
-392464
245163
-259613
-579837
-95359
-664176
658722
-272735
367647
81316
-211692
-532051
-57213
573183
-798795
720315
847518
-19361
865610
-596850
274289
253380
-886182
-438657
426707
-825497
882731
-900528
186040
-181266
679847
367506
-327378
163193
-19738
752909
-671460
937851
457585
585560
-591786
618394
-59086
467326
-285465
-779215
139509
-466870
-2729
540844
-416193
834636
-335811
266855
-25227
-523030
-857094
-765321
138807
46934
575784
-424684
-998797
221103
774720
190585
939850
-226231
-394088
678010
457790
744166
312251
725075
-143883
-312099
-636629
398923
-943126
725820
591477
333028
-662475
-51615
-571184
-91860
360873
-695702
-893351
670734
-56979
-865010
542454
-71719
324597
-512343
829551
-59609
765000
-626405
-847225
-809212
-626649
618345
927608
18371
-7989
244184
-443646
759
433055
-979442
-113189
-192376
907116
-282900
-476244
468327
248399
470460
75547
-368947
199127
-506805
604120
684383
281898
-127648
685349
-49636
-90093
407278
-635786
-691425
-231126
672508
-961898
-650915
-152063
942467
-765702
-709740
536762
470863
164669
492935
95266
-383835
500265
-655268
669899
486318
646941
-413613
814126
586046
8166
-135833
-481018
-456351
-1932
-393854
499521
417786
400581
398316
823686
173696
112859
-362340
-463413
289091
638712
-997277
388671
-663125
-966770
927320
267532
-625677
-58864
-141151
83412
814802
237937
-794031
729008
395727
-461020
586350
10940
788775
718227
-476723
592781
958304
-520306
457123
654365
408177
31905
324489
796731
-771980
778319
548692
914755
-908380
482573
450291
-431036
-506784
263930
-649680
987838
-99703
6752
-906539
-772381
-399230
-912357
-353327
-773105
72483
-150649
-381266
38030
-447762
-289483
-926687
-383602
-304117
-290404
486150
289974
354825
636944
-591850
-215030
-228291
362894
-828823
-163799
-522246
-658827
982534
49627
-793274
906916
955031
344124
495259
-712625
876801
163125
-844726
432791
-65816
-151455
739609
-470139
-751265
626412
-213458
-513765
751600
-391452
962921
-138977
432279
308265
123500
340504
-726874
752591
-70865
-724421
-441975
-211941
-137557
-85744
-921058
-55179
527565
-391511
-482265
-841817
63223
-360170
592542
77883
766893
811759
578783
-567266
268883
-945126
561
329055
875748
739734
614740
698483
-357470
891804
299055
234400
914800
-918826
569970
-452047
862000
719251
-309486
-37461
468891
-622150
548258
681407
-150461
255919
496695
-975169
-176656
261701
-525374
795876
98690
-879403
-82264
564018
781204
43791
719627
887361
-682356
915715
865374
-493093
611422
-505039
655882
-903722
218068
497802
703813
-164741
-105355
85213
-321323
572587
-198223
955527
256541
144480
-417058
634027
-19319
965780
-336282
423812
426538
-392831
-707137
708737
733840
-24124
-894502
436497
557303
-222800
-578650
653560
-103921
-565516
118327
864627
-128132
55528
27544
-581782
-853512
-731753
-943235
-799351
-834125
477435
-223769
-678674
-268833
460838
-743943
-982365
581214
-347055
-481402
559853
-719878
465693
84120
16115
-154076
700373
-442410
932581
801350
70505
-89259
685949
143421
-651807
-949310
847302
905637
215689
-300847
48831
518079
641156
-969647
72539
-924988
756561
-669564
167810
851334
-169950
-587847
140879
-751932
-725468
411178
194549
225976
612013
-579177
624207
385365
-798465
473785
459921
834093
958209
-734644
-471452
-672633
881690
675294
-99092
30346
349184
173094
-475375
256663
685428
26592
181899
-672535
94869
752437
-859197
316198
540072
582291
-808997
977871
-31994
-809703
-115015
-391175
-304431
482497
-309696
-698264
-271756
-899469
-434885
-471500
539878
-418931
-820597
-135393
-984942
578433
79418
66413
864925
-205983
750687
971550
-735789
209766
-532781
623972
-913058
-249390
887542
436030
34360
920932
-850428
-637563
-315839
-601501
-877632
-809601
-881442
621819
897145
-212585
605228
-734403
-199359
-387402
506395
-809575
546257
816033
779081
206008
-557211
242181
741567
770049
763418
673718
432470
-401717
-149610
-521466
-350444
492131
520293
154319
114703
624284
822450
-785500
-821629
873642
-407176
-476999
-581293
827752
154551
-382363
280160
820247
-128138
322782
-489402
-408374
-847785
622140
-271837
722673
360723
685888
740359
-113658
-612172
-274307
-547626
670217
-759471
-337924
946906
-932277
-819823
795225
-210958
-406268
634195
-965920
-721525
-700588
87996
-189006
694735
664611
-326671
673374
705615
-784617
224133
-603756
-902759
-39797
233243
-558561
774604
769880
-370926
20969
991638
441100
350140
-523814
269537
315391
504900
757478
-219871
35522
-621819
-58549
-395804
771692
94711
-229612
284371
711591
564790
288522
412432
-731728
-7018
3823
-817577
419829
-904506
-441328
-215620
233131
983953
-392203
-899755
-256965
-682415
-837788
-744186
-144725
190238
-479044
-766419
-473977
347394
-135283
606243
713048
526693
873028
67477
-991840
-968413
-300715
333794
-719766
18854
-293356
394008
147779
-978413
664227
-351753
860266
551871
-648871
410861
-722402
-393680
926123
-253454
641443
630200
-217560
651003
-706587
922842
73347
-855462
-514301
291374
-634450
-130088
357766
509013
-277084
425059
-954574
-872260
644962
185855
830744
-730849
-410463
-630276
919484
-503950
438159
846920
-382331
-990395
371715
-19913
739353
-113310
-385618
-359164
-841844
-11108
899798
239354
993203
-75986
344429
470773
27121
-3927
433468
-834305
-373182
-930060
101210
-601730
140803
-673383
717870
-557968
560417
-536920
404389
-827000
-424334
263263
-467765
-933848
870227
-606675
492751
675293
-52975
71194
-118501
-902119
-436226
463416
405624
78944
-298232
684033
965700
401989
-484897
-941361
-812019
-82826
503585
34972
-198094
541080
636208
-832774
683293
-490501
45224
12955
958622
-2257
519893
-801683
519423
-648150
740816
-719825
-532613
-139507
18877
205782
-631609
-529024
-425186
417681
-408999
-738191
-936366
807993
-242336
511515
618837
489454
586275
334481
971017
758486
946439
-828491
-28925
432850
978940
722160
-641808
-288531
667810
-995067
-210998
409501
-240810
897382
327241
249177
-797125
72950
-856248
699088
-99386
-296650
344270
-659481
625268
-855535
616102
-347425
625879
-797294
650104
-423823
-533424
-74049
988836
-170508
732476
127364
-734603
660830
903979
718648
-781386
141666
862174
960886
-73462
-645021
994972
16532
-882330
578774
937672
338055
-48699
97605
-617299
444333
797090
-336375
-708734
490439
-829474
-658995
946980
-825316
-812124
-492231
327993
-181621
-7434
-504454
-723704
565340
-572394
-902140
-459585
-190592
302581
-950365
-405787
-173647
-41180
-482086
-475966
637150
513160
568707
-746965
256448
105041
-851331
146855
615191
-16137
-672982
-627456
-582006
702857
561501
716219
-419611
588467
194171
-925001
-106395
-848598
917560
-833180
867508
864562
456519
-217940
48001
354381
-857499
-542309
402101
736902
99856
523172
-462503
-903944
-733751
147191
171869
997308
250479
-633519
869470
464485
-7900
627439
-158454
266569
-562528
-735078
-911400
590815
-695715
846233
-552011
-750450
405013
333669
-556730
774525
195792
-213336
376504
-471556
696827
965800
528258
-167906
474760
401021
11556
809053
-398363
679887
450776
116014
-860632
-418903
700938
-300666
108749
-835383
653733
-275519
581330
348502
341236
-236577
-148526
556025
-867681
-818594
109542
814636
213695
880195
-99379
449253
-132026
320788
-287405
345356
-804742
-935800
474594
-908584
-251322
343178
-692094
875958
-994407
-570586
141166
-63206
804763
452834
-458083
97577
735608
-428471
-678567
569687
644950
-924359
233198
935449
-831615
900964
606054
431599
983151
844661
279193
212642
-484826
-989869
243745
-714652
69850
882329
592326
-21882
901211
-605584
873965
-765387
-547835
391393
-110609
395300
550837
809568
-127279
-371940
-788975
-908870
426171
906977
-753588
14436
892503
797765
467463
933353
647752
-268939
-268699
-318171
343867
203549
757410
424939
-749946
257720
-220796
596452
-388584
-975441
-496337
422802
-748818
-43912
407365
448839
-550506
-526704
893800
61938
510361
-851651
489431
-900634
-72362
-311546
544045
65299
585688
-3778
-626897
826016
504915
122552
443010
-507301
435286
232139
910950
449972
116746
217761
46945
-211645
548922
1517
-131944
-843491
735447
-312900
308197
-769091
-349233
-735425
-850798
808114
881348
5865
-961816
-404392
-22931
249998
433586
-847217
-233965
-566753
868658
-980094
663653
-752953
207837
958942
767144
657057
-106392
409188
983337
-656811
-331493
893429
179768
-503149
368429
12873
-510645
470678
968666
-113371
737003
-704543
-640463
61196
-332295
-389471
-491043
986700
157784
15853
-127574
-57497
301939
-332617
-98514
329133
-103088
671195
313678
-695187
784850
-150914
-178421
-170914
-408308
940993
-903215
-156760
-961888
450811
-573524
25467
-553277
336179
-564490
223762
-477919
45299
-840591
-979090
222076
754895
-347584
-568208
-866273
-526251
-944070
690804
-412891
538761
428491
-238732
-384859
368365
267445
87718
-904595
974680
914877
117863
-628479
113387
-766242
18784
-948322
-42110
-401139
979230
731508
-44454
-319446
552133
189447
-289731
-290186
-358578
-169495
-534062
107433
-374007
595861
441676
137152
267683
985469
-418341
-598837
131790
544628
985658
835548
-623609
357159
792514
789905
-848461
-609608
227199
875687
130667
769270
898354
7033
632511
540214
641716
-151271
-999110
-898810
-968929
-717549
-367428
-478475
-197041
-268103
-697214
-656620
-552614
949334
134226
-609959
-16781
399721
-964769
-188270
-803028
325251
819128
835912
589297
-900465
189179
11915
545279
138645
8532
-783177
-680308
519106
838006
-189418
-915104
-458634
203921
118398
533253
618319
914153
168287
-503671
133911
260716
764258
143419
-776308
552975
-187253
-367481
-859468
-838953
186294
-661004
290809
57958
172330
414204
592770
935937
-483742
-494067
665343
-24734
-851783
316964
928653
-61228
633928
-764315
-236932
-970851
986585
-140902
901647
-640671
946348
750089
-746534
-166722
223686
108926
339902
-302714
-757603
323131
-873493
-919982
-380191
992900
-836940
354665
-609691
-599862
982518
-220416
884566
-597861
-230540
-567324
-416269
-168827
561515
-179712
315537
536086
111116
-785677
-889146
504000
-806631
-258177
-616283
627540
-263443
670873
482242
791856
-886930
-437311
579403
312153
-511995
136728
-110477
908202
124866
2857
630885
967025
-784334
740127
-631393
-277129
-600309
749166
955215
549341
726370
-194477
165755
791445
-521050
109084
570838
-244595
597985
267828
691733
-13068
870476
-339375
-403052
-296695
-466889
-419074
-408727
225207
187585
670917
804805
-860869
-705492
247641
-885789
788902
239787
-424585
469675
152157
69035
-193885
-105044
72807
-245385
380045
649616
-146230
594013
-124521
257550
909216
213245
194137
972654
-807814
-597438
808674
-3214
-997426
-501023
-825300
283745
-216843
-194597
-559899
565625
-91865
-481635
564891
539958
263329
405146
-102825
-580577
222398
-33543
631692
-460353
250651
912602
-102356
-865509
980841
470404
-241890
-272379
47001
-911003
-183047
-44709
135345
-860765
620620
891660
-763340
-141934
-167075
-723881
-243534
21883
237528
802951
-621770
-534932
-179408
802283
-506249
-657136
183249
120930
-529709
-104611
920927
605852
-896938
903861
-863882
273878
-934330
-617872
74169
-37315
8779
-680391
334221
-600879
166247
-614422
-345278
-730710
-142037
177182
-683748
-649282
312367
-676029
144304
-318618
93271
888832
620810
-989484
663882
925825
-387656
-418338
-895758
-451080
514650
-576290
502927
178388
-75960
161439
-386494
-537125
56285
-49949
-198472
176716
-875985
988168
433586
848421
-588123
61939
524639
-642075
368779
-720084
959850
730814
440972
314841
-705439
877920
-65908
-347686
558569
259881
668918
357243
766102
-887316
125760
511388
-855896
-89647
620908
563811
144146
572607
796242
-618024
-976176
-123055
289350
901167
447336
-679633
742217
-604914
-51532
572075
-403969
367308
322528
145338
-183540
576245
-6340
-881166
7410
331361
75754
-543404
422399
-525785
389991
609113
567281
-167308
984893
-561328
-443155
-823672
-809129
116391
77482
220
21091
654972
142584
715080
-379361
-163367
155704
-446303
-257877
-718957
-111940
-477059
15717
-994814
-960715
785219
-319196
958639
-284062
671966
768247
935033
-543341
479750
-387056
-907229
394271
337824
-427189
48237
-215566
-499902
213075
809739
545162
-232893
580735
874997
589951
-212077
-529698
126616
-394887
-694375
-559963
606885
-762993
479896
-598028
-845695
14195
945532
-372357
878332
789230
310432
-988204
-755286
563360
-216558
443095
-172378
831254
606357
810016
-970663
259514
-473759
671885
-753304
875514
-685044
358611
722655
247889
960066
450996
875539
-629307
-377196
263087
-550861
-376742
811275
-823541
660027
139294
-935440
904716
950935
301624
-396088
229461
-514191
495116
207934
930339
757331
562249
-318759
382546
-246765
37366
774579
-751063
616423
-894603
-121287
-38964
-883811
-471331
-150071
-518217
216598
-854836
-444245
-20299
573311
-728377
-355917
-166742
-955338
-506431
-969123
-447808
523731
82502
9912
363466
744352
-350658
190701
279765
427268
159907
-555539
-711708
-987036
-188103
793349
-636156
-559118
-917037
-294795
-532492
-220568
462085
812644
515650
-504179
15385
-778817
488065
302638
331632
982071
99642
-430420
-63892
41935
-808598
-758862
13482
-5495
-865391
743065
-386975
574312
-391199
211598
431076
-638283
510665
-865808
345333
664574
-579420
-91817
-184780
75346
125874
516141
-391856
-911471
625783
-111813
-942169
157781
585439
-7491
975403
-138166
-792696
-960174
909976
851596
-522928
358346
-262826
-625675
-686080
947836
-875217
771082
442625
719975
-687118
848099
377585
-807167
312233
21259
313285
-570487
433341
173436
-823455
-682239
417141
201
724032
805307
785241
799928
202372
255784
-282202
886070
-362800
503579
245206
952773
-958058
-220944
389829
556905
886406
-117470
-481305
70275
718704
-42622
966057
821498
883404
939024
-241853
-712179
-588311
334768
132725
-129737
652461
848809
-956766
47478
274529
508499
801768
-95506
607845
-777038
-743326
-622648
-939762
-345726
3352
232977
296912
