-999050
-998884
-998436
-997435
-996160
-995640
-993125
-992541
-991944
-989725
-985727
-985495
-983794
-979411
-978542
-970093
-969494
-968434
-968165
-967584
-966796
-966056
-964271
-962767
-959500
-958611
-958353
-956189
-954030
-953719
-953312
-952523
-947491
-947417
-943055
-938781
-936163
-931144
-926114
-925696
-924402
-922585
-922077
-920605
-920089
-918850
-913269
-909734
-908602
-908426
-904861
-903714
-903677
-902470
-900260
-899642
-899308
-894923
-892651
-887910
-884265
-881917
-880729
-880587
-879782
-874106
-873816
-872471
-872314
-871807
-871166
-870126
-869595
-866489
-864121
-857455
-856041
-854797
-852878
-851483
-851162
-845696
-844267
-841656
-841602
-841492
-835861
-835220
-833619
-830517
-830458
-828934
-828292
-828112
-827793
-824595
-821087
-817580
-817024
-811986
-808696
-807117
-806406
-806091
-805978
-802589
-800353
-800224
-800081
-799344
-790302
-788712
-786437
-785343
-784593
-782388
-782070
-781538
-772170
-769207
-769072
-766901
-765319
-764079
-763650
-759979
-757694
-755906
-751828
-750542
-743225
-740406
-736606
-736344
-735227
-734897
-730917
-729141
-728065
-728007
-721230
-720026
-718867
-718745
-715604
-712210
-712181
-709385
-706351
-705600
-705538
-701065
-699806
-698901
-698181
-694800
-694676
-693592
-691891
-691445
-691060
-690538
-678678
-675980
-675027
-674572
-672838
-671848
-669300
-668142
-668093
-667296
-662746
-659642
-659302
-658368
-658300
-657497
-656943
-656439
-656251
-651695
-650256
-646434
-642925
-642583
-641240
-636154
-633744
-633233
-629504
-618322
-617008
-613227
-610286
-609321
-606664
-604968
-603613
-601655
-601206
-596219
-595155
-593683
-593628
-592090
-592026
-590056
-587636
-586213
-582420
-581001
-580477
-573503
-572560
-571511
-570688
-564906
-564425
-564387
-561299
-559189
-555984
-555614
-554196
-554007
-553221
-553140
-551358
-548983
-547688
-545106
-540908
-539412
-538330
-537101
-534589
-534448
-534117
-530770
-528698
-525473
-523862
-522291
-518701
-518354
-517510
-514515
-513688
-513159
-513006
-511388
-510154
-509752
-508332
-505391
-502560
-502426
-499651
-497798
-494850
-493222
-492890
-492558
-486335
-486324
-486177
-485399
-484223
-484075
-482648
-482318
-482167
-478183
-478132
-471838
-471496
-470871
-470674
-470164
-469479
-468594
-466125
-464199
-460215
-458884
-458114
-451886
-448983
-448800
-444303
-442693
-439560
-437587
-435621
-435591
-433099
-426884
-426378
-426256
-423825
-423443
-421868
-420819
-419987
-419188
-416228
-415229
-415026
-411844
-410621
-408578
-405172
-404374
-398656
-398381
-397039
-395463
-395088
-387383
-380757
-379535
-378777
-378381
-376122
-375706
-375646
-369421
-369164
-367687
-362441
-362354
-358860
-358703
-357736
-357604
-356826
-352254
-349454
-348201
-347056
-346471
-344663
-344261
-343669
-343323
-342708
-342257
-341659
-336931
-333933
-332934
-329200
-328187
-326733
-322722
-322611
-322592
-321182
-318207
-314370
-314116
-303781
-300063
-299277
-298510
-296544
-295979
-295404
-289289
-286577
-283196
-280291
-280205
-279777
-279130
-274202
-272776
-271027
-270887
-269537
-268926
-266810
-262646
-262416
-261882
-259931
-259343
-256628
-254208
-252620
-252055
-251081
-248286
-247778
-247184
-242833
-240576
-239069
-235582
-235165
-234716
-234234
-232657
-232553
-229212
-227394
-226881
-226136
-225545
-224697
-224693
-222371
-217709
-216217
-215938
-215242
-214421
-213252
-213003
-211793
-208848
-207372
-205460
-201081
-199273
-197503
-196768
-192510
-192201
-189661
-181131
-178196
-176853
-175981
-173613
-169914
-168417
-167086
-166429
-166390
-161628
-159591
-149626
-146443
-146249
-144155
-143041
-142240
-140643
-139483
-134537
-130546
-120328
-120024
-113009
-108681
-107164
-107128
-106768
-98677
-97584
-96449
-93267
-92895
-91844
-87250
-84541
-77768
-73395
-73260
-69496
-64001
-62649
-61883
-61638
-58145
-57974
-54892
-53553
-47279
-46780
-46590
-45164
-44748
-43396
-40749
-40391
-34146
-33249
-32329
-32171
-31815
-30179
-23431
-22831
-21452
-20872
-18744
-18038
-16468
-15547
-15145
-14318
-11775
-10396
-5597
-1342
-1003
-72
113
869
3354
3382
9764
14323
15413
16475
17084
19588
25025
25896
29408
34100
41314
41550
41730
41986
42119
42608
47952
51652
52419
53344
57303
57786
66705
67134
73020
73991
74455
74951
76232
80153
82324
83036
85242
86927
92383
94909
96578
98423
99076
100215
101087
101718
103226
103330
104358
106089
106585
112453
112835
113460
113795
114179
116262
116965
117245
124063
124190
124559
125202
126169
126456
126590
129120
130276
132984
133613
141306
146589
146768
147112
152789
154774
157159
160075
162494
162917
163695
164798
164985
165751
167524
169908
172207
172769
173667
178564
178997
179475
179713
179764
181196
182352
184356
188449
190313
191039
193999
195149
199206
201264
201933
202329
202330
206859
207005
207687
210176
211032
211252
215794
218676
226005
227872
229330
230307
231029
232429
235791
236663
238705
243837
250026
251708
252693
254991
255786
269851
269923
273720
274321
275480
277291
277628
279444
281744
282350
283454
284235
285479
286072
286114
286216
288329
292491
296231
298185
299658
302123
303273
304120
304576
307069
307356
307728
308035
309631
309665
309853
309974
312064
312840
313565
315061
316020
320468
321864
323046
323107
325665
327344
332859
334353
334521
334890
335445
335532
337432
338904
342446
342866
347864
353394
353580
355532
358262
359598
359911
362340
362777
364967
366022
370257
371262
373207
374125
375868
379420
379781
383677
384011
385479
386881
388741
390390
394478
396822
401666
402122
404937
408539
416370
416674
417457
417905
419298
420076
420206
421071
421328
426276
435147
437971
441881
443465
443829
445481
447271
449453
449736
450666
454829
455177
460058
463121
465643
465989
466358
466856
471979
472711
473864
475215
476148
477549
480782
483364
490216
492564
495774
497084
498850
500376
520370
521832
522167
522886
522909
522952
523136
527196
530605
533774
535711
536389
538175
538272
538443
539075
544317
544418
546158
547306
552888
556050
562158
569003
570559
575699
575903
576270
576827
577067
578090
579280
582906
585383
585939
586436
589251
589492
591823
596483
600768
601226
601396
604278
604470
608171
616904
621901
624705
626789
630852
631903
634060
634625
637956
649048
651079
652074
655039
656489
661110
662049
665165
668387
668834
670105
670872
672167
673726
674298
677364
680101
683317
685732
688702
689977
692982
696345
698986
702224
703858
704218
704409
706590
706954
707627
710969
711146
712847
714613
715052
715676
718367
718558
719377
719990
722008
723218
726871
728119
731552
736973
740468
742080
744354
748054
751149
751217
751777
753622
755456
756303
758782
760247
760465
761446
767291
769472
769828
773697
776111
776170
778544
788799
789082
794039
799444
800050
801712
806708
811699
815366
819959
821881
822703
822755
824063
825553
825936
825958
827491
832952
835923
839318
840221
840582
841767
844328
844480
844700
845769
846135
848301
850450
850458
850532
851789
856212
857648
859005
859648
861299
863174
864927
865568
865705
872226
873002
873182
873296
876443
877340
878042
878253
882998
883314
884637
885789
887835
891597
892354
896865
897088
899629
904955
907326
907566
909390
909440
909944
910297
913818
914962
918607
920704
921285
921716
922916
927281
928332
928716
928828
932189
932561
933816
936659
936873
937726
943447
943613
953421
957173
957734
958417
959968
963214
965590
967691
972082
972158
976099
976117
978180
979746
980382
981410
981468
984723
985264
988959
995008
995217
999004
999661
