-999110
-998797
-997580
-997426
-997277
-996621
-995067
-994814
-994407
-993793
-992874
-992289
-991840
-990878
-990720
-990395
-989869
-989562
-989484
-988204
-987036
-986168
-986073
-985836
-984942
-984659
-984483
-982389
-982365
-980142
-980094
-979442
-979090
-978923
-978413
-977990
-976742
-976176
-975441
-975169
-972338
-972301
-971757
-970851
-970663
-970078
-969647
-969123
-968929
-968413
-967204
-966770
-966017
-965920
-964769
-963490
-963230
-961898
-961888
-961816
-961065
-960715
-960174
-958058
-956766
-955338
-954574
-953264
-952942
-952707
-951477
-950894
-950684
-950365
-950194
-949310
-948322
-948253
-945646
-945509
-945413
-945126
-944070
-943644
-943235
-943126
-942169
-942133
-941361
-941108
-940130
-939762
-938366
-938073
-936398
-936366
-935800
-935440
-935343
-934564
-934330
-933848
-932932
-932277
-930060
-926687
-926183
-925001
-924988
-924489
-924359
-921972
-921950
-921058
-919982
-919234
-918826
-917847
-917037
-915761
-915104
-913903
-913058
-912983
-912414
-912357
-911974
-911471
-911400
-911215
-911003
-910939
-910447
-910117
-909326
-908870
-908584
-908579
-908380
-908376
-907512
-907229
-907149
-906539
-906344
-905312
-904595
-904506
-904291
-903944
-903722
-903215
-903135
-902759
-902140
-902119
-900634
-900528
-900465
-899755
-899469
-898810
-897610
-897140
-896938
-896731
-896466
-895758
-894603
-894597
-894502
-893351
-891908
-891540
-889340
-889146
-887961
-887316
-886930
-886182
-886153
-885789
-884679
-883811
-882827
-882330
-882226
-881442
-881166
-880455
-880242
-879403
-879011
-877632
-876366
-875985
-875217
-873865
-873493
-872260
-870485
-870345
-869391
-867681
-867336
-866273
-866247
-866063
-865943
-865808
-865509
-865391
-865010
-863882
-861665
-860869
-860765
-860632
-859924
-859468
-859197
-858660
-858041
-857499
-857094
-856859
-856827
-856248
-856082
-855896
-855535
-855462
-854836
-853512
-852853
-851783
-851651
-851331
-850798
-850428
-848842
-848827
-848598
-848461
-847785
-847225
-847217
-847103
-845695
-845128
-844726
-843491
-841844
-841817
-840591
-838953
-837788
-837166
-836940
-836856
-835383
-834305
-834125
-833827
-833180
-832837
-832774
-831684
-831615
-830944
-830054
-829474
-828935
-828823
-828491
-827000
-825497
-825316
-825300
-823672
-823541
-823455
-821629
-821437
-820597
-820059
-819825
-819823
-818594
-818136
-817577
-817272
-814203
-812124
-812019
-809703
-809698
-809601
-809575
-809212
-809129
-808997
-808598
-808314
-807814
-807167
-806631
-804742
-803928
-803028
-803027
-801683
-801561
-799351
-798795
-798465
-797488
-797294
-797125
-794165
-794031
-793274
-792696
-791208
-790496
-788975
-788870
-785677
-785500
-785399
-784617
-784351
-784334
-784247
-783177
-782427
-781386
-779472
-779215
-778817
-778258
-777038
-776716
-776308
-776118
-773105
-772381
-771980
-769091
-768220
-768109
-766419
-766242
-765702
-765387
-765321
-764667
-764315
-763834
-763445
-763340
-762993
-762505
-761408
-761248
-761097
-759471
-758862
-757603
-755286
-753588
-753304
-752953
-752801
-752425
-752215
-751932
-751724
-751265
-751063
-750450
-749946
-748818
-748678
-746965
-746922
-746731
-746534
-746189
-746178
-745693
-744648
-744186
-743943
-743326
-743119
-738191
-737761
-735789
-735425
-735078
-734644
-734603
-734403
-733751
-732561
-732060
-731753
-731728
-730849
-730710
-728708
-728508
-728377
-726874
-726435
-726131
-725650
-725468
-724421
-724053
-723881
-723704
-722402
-722149
-721525
-720084
-719953
-719878
-719825
-719766
-718957
-717549
-715065
-714652
-713633
-712625
-712313
-712179
-711708
-709740
-708734
-707618
-707186
-707137
-706587
-706356
-706216
-705711
-705492
-705439
-704543
-703357
-701552
-700923
-700588
-698264
-698263
-697214
-695715
-695702
-695187
-694375
-692921
-692094
-691425
-691374
-690567
-687850
-687118
-686080
-685044
-684948
-684424
-683942
-683748
-683167
-682415
-682356
-682239
-681499
-680870
-680391
-680308
-679633
-678674
-678567
-676029
-675540
-674402
-673482
-673383
-672982
-672633
-672535
-672072
-671460
-669624
-669564
-668617
-666403
-664894
-664176
-663125
-662971
-662475
-661139
-661067
-661004
-659481
-658995
-658827
-657871
-657255
-657136
-656811
-656620
-656120
-655493
-655268
-652951
-652926
-652808
-651807
-650915
-649680
-649282
-648871
-648653
-648554
-648150
-645049
-645021
-642075
-641808
-640671
-640592
-640463
-639480
-639388
-639353
-638466
-638283
-637563
-636629
-636156
-635786
-634450
-633519
-632960
-631609
-631393
-631226
-630276
-629924
-629307
-628479
-627456
-626897
-626649
-626405
-625677
-625675
-625108
-624209
-623609
-622648
-622150
-621945
-621819
-621770
-621109
-618024
-617872
-617299
-617259
-616283
-615855
-614709
-614647
-614422
-613485
-613423
-612172
-610991
-610952
-610028
-609959
-609691
-609608
-607465
-606735
-606675
-605584
-605312
-604914
-603756
-601866
-601730
-601501
-600879
-600309
-599862
-598837
-598028
-597921
-597861
-597438
-596850
-596202
-591850
-591786
-591120
-588311
-588154
-588123
-587847
-587045
-583300
-582303
-582006
-581782
-581293
-580577
-579837
-579420
-579177
-578650
-576290
-574718
-574157
-573524
-572394
-571184
-571018
-570586
-570487
-569018
-568695
-568682
-568208
-567324
-567266
-566753
-566637
-566553
-565516
-564490
-562528
-562161
-561501
-561328
-559963
-559899
-559196
-559118
-558607
-558561
-557968
-557386
-557211
-557007
-556995
-556982
-556730
-555949
-555539
-555092
-554085
-554074
-553277
-552890
-552614
-552011
-550861
-550833
-550506
-547905
-547835
-547626
-547393
-547149
-547038
-545311
-543404
-543341
-542309
-540183
-539913
-539258
-538163
-537907
-537217
-537125
-536920
-536119
-535053
-534936
-534932
-534062
-533426
-533424
-532781
-532613
-532595
-532492
-532051
-529709
-529698
-529145
-529024
-527787
-526704
-526251
-526221
-525785
-525374
-524130
-523814
-523030
-522928
-522246
-521466
-521050
-520306
-518217
-516709
-515733
-515239
-514301
-514191
-513765
-512343
-511995
-510645
-510269
-509562
-509284
-507301
-506805
-506784
-506730
-506431
-506357
-506249
-505326
-505039
-504454
-504179
-503950
-503671
-503149
-502646
-502272
-501833
-501144
-501023
-500461
-499902
-497912
-496536
-496344
-496337
-495699
-494553
-494067
-493316
-493093
-492231
-491043
-490501
-489858
-489630
-489564
-489402
-488718
-486412
-485425
-485144
-484897
-484826
-483742
-482265
-482086
-481635
-481402
-481305
-481018
-479794
-479044
-478520
-478475
-477999
-477919
-477644
-477059
-476999
-476877
-476723
-476611
-476244
-475966
-475375
-473977
-473759
-472083
-471556
-471500
-471452
-471331
-470597
-470358
-470139
-470041
-467765
-467528
-466889
-466870
-464820
-463413
-462503
-461020
-460869
-460353
-459585
-459551
-459517
-458894
-458771
-458634
-458083
-456351
-452373
-452047
-451927
-451080
-448544
-447808
-447762
-446993
-446303
-444782
-444245
-443646
-443155
-442410
-441975
-441328
-440744
-440624
-440484
-440270
-438974
-438657
-437311
-436226
-434885
-434680
-434006
-433448
-433029
-432597
-432015
-431036
-430420
-428471
-427700
-427270
-427189
-427181
-425186
-425169
-425109
-424684
-424585
-424334
-423823
-419611
-419074
-418931
-418903
-418341
-418338
-417058
-416344
-416269
-416193
-414865
-413613
-412891
-412319
-412280
-411406
-410463
-409215
-408999
-408727
-408374
-408308
-407176
-406955
-406268
-405787
-404392
-403969
-403136
-403052
-401717
-401139
-400655
-400063
-399230
-399103
-399047
-398363
-396302
-396088
-395804
-394887
-394088
-393854
-393680
-392831
-392464
-392314
-392203
-391856
-391511
-391452
-391199
-391175
-389471
-389315
-388584
-387656
-387402
-387056
-386975
-386494
-385618
-384859
-383835
-383602
-382482
-382363
-382331
-381851
-381786
-381266
-380191
-379361
-378728
-378317
-377196
-376742
-374202
-374007
-373182
-372357
-371940
-371440
-370926
-368947
-368125
-367481
-367428
-366538
-365413
-364436
-363974
-363359
-362800
-362340
-361081
-360170
-359828
-359374
-359164
-358578
-357470
-357273
-355917
-355146
-353327
-352088
-351753
-350658
-350444
-349233
-349015
-348652
-347686
-347584
-347425
-347402
-347055
-345726
-345278
-345142
-344690
-343799
-342045
-341383
-340823
-339375
-339365
-339221
-339168
-337924
-337112
-336375
-336282
-335811
-332692
-332617
-332295
-331493
-329385
-329208
-327378
-326671
-321323
-320377
-319446
-319196
-318759
-318618
-318171
-317584
-317246
-315839
-314611
-312900
-312099
-311546
-311492
-311350
-311191
-309696
-309486
-307899
-306078
-304431
-304117
-302714
-302127
-300847
-300715
-300666
-298232
-296695
-296650
-294795
-294727
-293792
-293356
-292024
-290404
-290226
-290186
-289731
-289483
-288531
-287405
-285803
-285465
-284202
-284062
-282900
-282516
-282202
-282188
-278923
-277391
-277129
-277084
-276551
-275519
-274307
-272735
-272379
-271837
-271756
-271273
-268939
-268833
-268699
-268675
-268397
-268103
-263443
-263059
-262826
-262358
-261687
-260247
-259613
-259142
-258177
-257877
-256965
-256061
-253496
-253454
-251615
-251322
-251068
-250415
-249390
-246765
-246512
-245720
-245385
-244595
-243534
-242336
-241890
-241853
-240810
-240607
-240558
-238732
-237740
-236932
-236577
-233965
-233404
-232893
-232619
-232304
-231126
-230540
-229612
-228346
-228291
-226231
-225517
-224907
-224769
-223769
-222800
-221053
-220944
-220796
-220568
-220416
-219871
-217940
-217560
-217131
-216843
-216558
-215620
-215566
-215511
-215030
-214804
-213458
-213336
-212585
-212330
-212077
-211941
-211692
-211645
-211323
-210998
-210958
-210109
-208255
-205983
-204340
-202286
-199857
-199359
-199191
-198723
-198472
-198223
-198094
-197041
-196600
-194597
-194477
-193885
-192819
-192735
-192376
-190725
-190592
-189589
-189418
-189006
-188728
-188270
-188103
-187611
-187253
-184780
-183540
-183047
-181763
-181621
-181266
-179712
-179688
-179408
-178591
-178421
-176656
-176385
-176371
-175859
-175197
-173756
-173655
-173647
-173409
-173239
-173207
-173203
-172656
-172378
-170914
-170508
-169950
-169495
-168827
-167906
-167308
-167256
-167075
-166742
-166722
-166151
-164741
-163799
-163378
-163367
-162109
-161478
-158863
-158559
-158454
-157282
-156760
-156010
-154944
-154076
-153060
-152545
-152266
-152063
-151455
-151271
-150914
-150649
-150461
-150071
-149610
-148526
-147610
-146230
-144725
-144535
-143883
-142037
-141934
-141428
-141332
-141151
-140902
-139507
-139462
-138977
-138252
-138166
-137557
-135833
-135393
-135283
-134384
-133805
-133793
-132906
-132283
-132119
-132026
-131944
-130088
-129976
-129737
-129651
-128138
-128132
-127993
-127648
-127574
-127480
-127279
-124999
-124582
-124521
-123055
-121287
-119476
-119046
-118501
-117929
-117470
-115015
-113658
-113371
-113310
-113189
-113058
-112690
-111940
-111813
-111658
-110609
-110477
-106968
-106395
-106392
-105355
-105044
-104611
-103921
-103088
-102825
-102356
-102210
-102117
-101176
-99703
-99533
-99386
-99379
-99092
-98514
-95506
-95359
-94729
-92163
-91865
-91860
-91817
-91515
-90093
-89647
-89259
-87148
-85744
-82826
-82518
-82264
-75986
-75960
-75371
-74319
-74049
-74035
-73462
-72362
-71719
-71454
-71011
-70865
-70196
-70195
-68767
-67093
-66324
-65908
-65816
-65746
-63892
-63206
-62722
-61228
-59865
-59609
-59086
-58864
-58549
-58222
-57497
-57213
-56979
-56144
-55381
-55179
-52975
-51615
-51532
-49949
-49636
-49207
-48922
-48699
-47885
-47231
-45084
-44933
-44709
-44555
-44454
-43912
-43800
-42622
-42110
-41180
-39797
-38964
-37461
-37315
-36979
-36857
-33543
-33395
-32916
-32313
-31994
-30316
-28925
-25227
-24734
-24124
-22931
-22675
-21882
-20299
-19913
-19738
-19361
-19319
-17414
-17261
-17210
-17160
-16781
-16137
-14504
-13068
-11761
-11108
-9820
-7989
-7900
-7491
-7434
-7018
-6340
-5495
-4570
-4126
-3927
-3778
-3214
-2729
-2257
-1932
201
220
561
759
1147
1517
2857
3284
3352
3353
3519
3823
3915
5865
6246
6461
6489
6752
7033
7410
8166
8532
8779
9912
10341
10940
11216
11556
11915
12873
12955
13482
14195
14305
14436
15246
15385
15717
15853
16053
16115
16532
18371
18582
18784
18854
18877
19447
19556
20969
21063
21091
21098
21259
21883
22602
25467
26592
27121
27544
28997
29262
29522
30270
30346
30694
31905
33101
34360
34972
35522
37366
38030
41935
43423
43791
44637
45224
45299
46415
46753
46934
46945
46959
47001
47478
48001
48237
48831
49627
52010
52459
55256
55528
56285
56352
57958
58575
58953
59526
61196
61607
61938
61939
62170
62807
62968
63223
65299
66413
67477
68417
69035
69850
70040
70275
70505
71194
72483
72539
72807
72950
73347
74169
74231
75346
75547
75754
77482
77883
78774
78944
79418
80945
81316
82502
83412
83893
84120
85213
85488
86326
86885
87438
87718
87996
91866
93271
93806
94711
94869
95245
95266
97351
97577
97605
98690
99493
99642
99856
101210
102258
104962
104966
105041
106824
107421
107433
108749
108926
109084
109475
109542
110914
111116
112517
112698
112859
113387
113662
114372
114569
114703
116014
116391
116746
116779
117863
118327
118398
120930
121635
122552
123500
123549
123962
124500
124866
125760
125874
126616
127364
128261
128898
129790
130667
130679
131790
131865
132725
133911
134226
134243
134970
135345
136031
136717
136728
137041
137152
138197
138221
138645
138807
139294
139509
140123
140803
140879
141076
141166
141506
141666
142584
143419
143421
144146
144304
144480
145338
145487
145980
146855
147191
147503
147779
148166
150709
150823
151686
151776
152157
152456
153221
153241
153842
154319
154551
154970
155704
156522
157781
157784
159907
161439
161531
163113
163125
163193
163872
164241
164359
164412
164669
165755
166224
166247
167810
168287
171869
172330
173094
173436
173696
174069
176716
177182
177399
177861
178388
179037
179768
180578
181285
181899
183249
185855
186040
186191
186294
187585
187875
189179
189447
190238
190552
190585
190701
194137
194171
194549
195792
197344
197905
199127
199606
202372
203549
203899
203921
205782
206008
207837
207934
208463
209543
209582
209766
211598
212642
212800
213036
213075
213245
213535
213695
213715
214783
215184
215689
215971
216598
216845
217703
217761
218024
218068
218804
221040
221103
222076
222398
223686
223762
224063
224133
224783
225207
225976
225978
227093
227199
228524
229075
229461
230323
231491
231645
232139
232977
233131
233198
233243
234400
234941
235437
237144
237528
237937
238827
238859
239354
239586
239787
239954
242169
242181
243473
243745
244184
245163
245206
247641
247777
247797
247889
248399
249177
249733
249998
250055
250479
250651
253380
254600
255784
255852
255919
256448
256541
256663
256773
257550
257577
257720
259514
259881
260716
261701
262119
262660
263087
263263
263329
263930
264779
266569
266855
267445
267532
267683
267828
268883
269537
271164
271776
273878
274289
274529
274651
275562
276859
277949
278007
279193
279765
280160
280549
281157
281412
281898
283745
283937
283943
284371
288075
288522
289091
289350
289974
290451
290809
291374
293620
293802
294472
295238
296912
297748
299055
301590
301624
301660
301939
302581
302603
302638
306693
307743
308035
308197
308265
310432
310645
311935
312153
312233
312251
312367
313285
313558
313678
314311
314841
315391
315537
316198
316774
316964
317187
317193
318052
318387
318977
320788
322528
322782
323131
323863
324392
324489
324597
324803
325251
327241
327993
329055
329133
329756
331361
331632
332720
333028
333669
333794
334221
334285
334481
334768
335844
335988
336067
336179
337303
337824
338055
339353
339902
340345
340504
341236
341827
343178
343671
343867
344124
344270
344374
344429
345333
345356
346973
347394
348502
349131
349184
350140
350198
350290
350789
351323
354381
354665
354825
355797
357159
357243
357766
358346
358611
360013
360070
360101
360723
360873
360890
361097
362053
362894
363466
363613
365284
367308
367506
367647
368061
368365
368429
368779
368928
369603
370065
371715
373980
374157
375260
376504
377585
380045
382546
385365
385542
387496
387572
387604
388120
388671
389829
389952
389991
391393
391857
392279
392496
393267
394008
394271
395300
395727
395901
398096
398316
398887
398923
399721
400493
400581
401021
401989
402101
404228
404389
405013
405146
405624
405661
406484
407278
407365
408177
409188
409501
410328
410861
411178
412432
413089
413775
413880
414204
417141
417681
417786
418240
419829
422294
422399
422802
423059
423812
424023
424924
424939
425059
425639
426171
426189
426538
426707
427268
428201
428491
431076
431599
432279
432470
432791
432850
433055
433341
433468
433586
433586
434402
435286
436030
436497
437609
438159
440006
440972
441100
441676
442625
443010
443095
443768
444333
444725
447336
448223
448839
449253
449972
450038
450201
450291
450418
450776
450811
450996
451672
452834
453325
455889
455971
456519
457123
457585
457790
457880
458585
459921
459976
460838
461587
462085
463416
463532
464443
464485
465102
465693
465737
467326
467463
467701
468066
468327
468379
468891
469275
469675
469702
470382
470404
470460
470678
470773
470863
473785
474594
474760
477435
479750
479896
482242
482336
482497
482573
486150
486230
486318
486673
487388
488003
488065
488077
489431
489454
489580
490439
492131
492751
492935
493678
495116
495259
496695
497802
499521
499982
500153
500265
501753
502927
503579
503585
504000
504366
504900
504915
505876
506395
507897
507906
508499
508551
509013
510361
510665
511388
511515
511549
513071
513160
514391
514650
515650
516141
516680
516744
517115
517983
518079
519106
519423
519893
520293
523172
523731
524639
526547
526693
527565
528258
529059
530374
530750
530813
533253
533692
534719
535486
535953
536086
536762
537627
538761
539056
539878
539958
540072
540214
540844
541080
542454
543720
544045
544628
545162
545279
546257
546439
548172
548258
548692
548922
549088
549341
549455
550733
550837
551871
552133
552403
552923
552975
556025
556905
557303
558569
559853
560417
560838
561204
561501
561515
561718
562249
563360
563548
563645
563811
564018
564406
564790
564891
565340
565625
565747
567281
567290
568064
568530
568707
569621
569687
569970
570838
571787
572075
572493
572587
572607
573183
573311
573549
574312
575784
576245
577967
578433
578774
578783
579403
579624
580113
580174
580735
581214
581330
582111
582281
582291
582538
584325
585439
585560
585688
586046
586275
586350
588273
588467
589297
589951
590389
590815
591107
591477
592326
592542
592770
592781
592855
593670
593871
594013
594478
594772
595861
596452
596865
596888
597985
599291
599655
603856
604120
604710
605228
605852
605877
606054
606243
606357
606885
607845
608945
609113
609637
610528
611422
612013
614740
615182
615191
615576
616102
616294
616423
617699
618046
618319
618345
618394
618837
619025
619637
620620
620810
620908
621819
622140
623972
624207
624284
625268
625783
625879
626412
626501
626670
627439
627540
630088
630200
630679
630885
631105
631692
632511
633928
634027
634195
635250
635587
636008
636127
636208
636944
637150
637586
638712
638797
641156
641443
641716
641957
644950
644962
645623
646941
647354
647752
648443
649616
650104
651003
651334
652461
653560
653733
654365
654972
655882
657057
657405
658722
659557
660027
660830
660889
661755
661827
662435
663653
663882
664227
664574
664611
664739
664813
665343
667810
668918
669899
669950
670217
670734
670873
670917
671195
671885
671966
672508
673374
673718
673794
674762
675212
675293
675294
675745
676401
677982
678010
679847
679887
680118
680735
681407
681584
683293
684033
684383
685349
685428
685888
685949
690804
691733
694115
694735
694891
696827
697577
698483
699088
700373
700938
702857
703813
704173
705199
705615
706291
706542
708737
710489
711027
711591
713048
713111
715080
715172
716219
717870
718227
718648
718704
719080
719251
719627
719889
719975
720315
720397
720618
721108
721875
722160
722655
722673
724032
725075
725820
726370
728425
728538
729008
730814
731508
732476
733301
733840
735447
735608
736434
736902
737003
739353
739565
739609
739734
740127
740359
740816
741039
741567
742217
742586
743065
743346
743488
743916
744151
744166
744352
746744
749166
750089
750687
751345
751600
752437
752591
752909
754895
756561
757331
757348
757410
757478
758486
758653
758769
762795
763130
763418
764258
765000
766102
766893
767120
767144
768247
769270
769880
770049
771082
771082
771692
771937
774525
774579
774604
774720
778319
779081
781204
783930
784789
784850
785219
785241
787210
788050
788444
788523
788774
788775
788902
789049
789230
789905
791445
791856
792514
793349
794585
795225
795876
796242
796330
796731
797090
797765
798292
799928
801350
801768
802283
802951
803731
804282
804763
804805
805307
805920
806339
807482
807993
808114
808674
809053
809568
809739
810016
810097
811275
811759
811774
812644
814126
814636
814802
816033
818954
819128
820247
821498
822450
823686
826016
827752
829126
829551
830744
831254
833417
834093
834636
835294
835548
835912
838006
841932
842160
842378
843985
844661
844940
846233
846752
846920
847302
847518
848099
848421
848600
848677
848809
848990
850190
850544
851013
851334
851596
852319
853052
853103
854576
859231
859359
860266
862000
862174
864562
864627
864925
865374
865455
865610
866905
867064
867508
868658
869470
870227
870476
872438
873028
873642
873965
874997
875514
875539
875687
875748
875958
876801
877920
878332
878378
879368
880195
881348
881690
882329
882731
882982
883404
883469
884566
884652
886070
886406
887361
887542
888832
890456
891660
891723
891804
892503
893429
893800
895250
896982
897145
897382
897768
898354
898722
899297
899458
899798
900898
900964
901167
901211
901647
901990
903861
903979
903993
904716
905637
906354
906419
906916
906977
907116
908202
908296
909216
909935
909976
910950
912602
912748
912800
914153
914755
914800
914877
915715
917467
917560
919367
919484
920927
920932
922842
924875
925825
926123
926474
926791
927320
927608
928653
930339
932581
932861
933008
933353
935033
935449
935937
937672
937851
938086
939024
939850
940993
941816
942010
942301
942467
945532
946348
946439
946906
946980
947836
948491
949334
950935
952773
952908
954578
954618
955003
955031
955215
955527
956896
956925
958209
958304
958622
958639
958942
959581
959850
960066
960886
960991
962011
962921
965555
965700
965780
965800
966057
966092
967025
967040
968666
968724
971017
971550
972654
974680
974721
975403
975560
976726
976811
977653
977871
978940
979230
979901
980841
980961
981324
981594
982071
982518
982534
983151
983337
983953
984893
985469
985658
986585
986700
987838
988168
988505
988836
988839
989664
990324
991638
992158
992900
993203
994407
994972
997308
999960
