999661
999004
995217
995008
988959
985264
984723
981468
981410
980382
979746
978180
976117
976099
972158
972082
967691
965590
963214
959968
958417
957734
957173
953421
943613
943447
937726
936873
936659
933816
932561
932189
928828
928716
928332
927281
922916
921716
921285
920704
918607
914962
913818
910297
909944
909440
909390
907566
907326
904955
899629
897088
896865
892354
891597
887835
885789
884637
883314
882998
878253
878042
877340
876443
873296
873182
873002
872226
865705
865568
864927
863174
861299
859648
859005
857648
856212
851789
850532
850458
850450
848301
846135
845769
844700
844480
844328
841767
840582
840221
839318
835923
832952
827491
825958
825936
825553
824063
822755
822703
821881
819959
815366
811699
806708
801712
800050
799444
794039
789082
788799
778544
776170
776111
773697
769828
769472
767291
761446
760465
760247
758782
756303
755456
753622
751777
751217
751149
748054
744354
742080
740468
736973
731552
728119
726871
723218
722008
719990
719377
718558
718367
715676
715052
714613
712847
711146
710969
707627
706954
706590
704409
704218
703858
702224
698986
696345
692982
689977
688702
685732
683317
680101
677364
674298
673726
672167
670872
670105
668834
668387
665165
662049
661110
656489
655039
652074
651079
649048
637956
634625
634060
631903
630852
626789
624705
621901
616904
608171
604470
604278
601396
601226
600768
596483
591823
589492
589251
586436
585939
585383
582906
579280
578090
577067
576827
576270
575903
575699
570559
569003
562158
556050
552888
547306
546158
544418
544317
539075
538443
538272
538175
536389
535711
533774
530605
527196
523136
522952
522909
522886
522167
521832
520370
500376
498850
497084
495774
492564
490216
483364
480782
477549
476148
475215
473864
472711
471979
466856
466358
465989
465643
463121
460058
455177
454829
450666
449736
449453
447271
445481
443829
443465
441881
437971
435147
426276
421328
421071
420206
420076
419298
417905
417457
416674
416370
408539
404937
402122
401666
396822
394478
390390
388741
386881
385479
384011
383677
379781
379420
375868
374125
373207
371262
370257
366022
364967
362777
362340
359911
359598
358262
355532
353580
353394
347864
342866
342446
338904
337432
335532
335445
334890
334521
334353
332859
327344
325665
323107
323046
321864
320468
316020
315061
313565
312840
312064
309974
309853
309665
309631
308035
307728
307356
307069
304576
304120
303273
302123
299658
298185
296231
292491
288329
286216
286114
286072
285479
284235
283454
282350
281744
279444
277628
277291
275480
274321
273720
269923
269851
255786
254991
252693
251708
250026
243837
238705
236663
235791
232429
231029
230307
229330
227872
226005
218676
215794
211252
211032
210176
207687
207005
206859
202330
202329
201933
201264
199206
195149
193999
191039
190313
188449
184356
182352
181196
179764
179713
179475
178997
178564
173667
172769
172207
169908
167524
165751
164985
164798
163695
162917
162494
160075
157159
154774
152789
147112
146768
146589
141306
133613
132984
130276
129120
126590
126456
126169
125202
124559
124190
124063
117245
116965
116262
114179
113795
113460
112835
112453
106585
106089
104358
103330
103226
101718
101087
100215
99076
98423
96578
94909
92383
86927
85242
83036
82324
80153
76232
74951
74455
73991
73020
67134
66705
57786
57303
53344
52419
51652
47952
42608
42119
41986
41730
41550
41314
34100
29408
25896
25025
19588
17084
16475
15413
14323
9764
3382
3354
869
113
-72
-1003
-1342
-5597
-10396
-11775
-14318
-15145
-15547
-16468
-18038
-18744
-20872
-21452
-22831
-23431
-30179
-31815
-32171
-32329
-33249
-34146
-40391
-40749
-43396
-44748
-45164
-46590
-46780
-47279
-53553
-54892
-57974
-58145
-61638
-61883
-62649
-64001
-69496
-73260
-73395
-77768
-84541
-87250
-91844
-92895
-93267
-96449
-97584
-98677
-106768
-107128
-107164
-108681
-113009
-120024
-120328
-130546
-134537
-139483
-140643
-142240
-143041
-144155
-146249
-146443
-149626
-159591
-161628
-166390
-166429
-167086
-168417
-169914
-173613
-175981
-176853
-178196
-181131
-189661
-192201
-192510
-196768
-197503
-199273
-201081
-205460
-207372
-208848
-211793
-213003
-213252
-214421
-215242
-215938
-216217
-217709
-222371
-224693
-224697
-225545
-226136
-226881
-227394
-229212
-232553
-232657
-234234
-234716
-235165
-235582
-239069
-240576
-242833
-247184
-247778
-248286
-251081
-252055
-252620
-254208
-256628
-259343
-259931
-261882
-262416
-262646
-266810
-268926
-269537
-270887
-271027
-272776
-274202
-279130
-279777
-280205
-280291
-283196
-286577
-289289
-295404
-295979
-296544
-298510
-299277
-300063
-303781
-314116
-314370
-318207
-321182
-322592
-322611
-322722
-326733
-328187
-329200
-332934
-333933
-336931
-341659
-342257
-342708
-343323
-343669
-344261
-344663
-346471
-347056
-348201
-349454
-352254
-356826
-357604
-357736
-358703
-358860
-362354
-362441
-367687
-369164
-369421
-375646
-375706
-376122
-378381
-378777
-379535
-380757
-387383
-395088
-395463
-397039
-398381
-398656
-404374
-405172
-408578
-410621
-411844
-415026
-415229
-416228
-419188
-419987
-420819
-421868
-423443
-423825
-426256
-426378
-426884
-433099
-435591
-435621
-437587
-439560
-442693
-444303
-448800
-448983
-451886
-458114
-458884
-460215
-464199
-466125
-468594
-469479
-470164
-470674
-470871
-471496
-471838
-478132
-478183
-482167
-482318
-482648
-484075
-484223
-485399
-486177
-486324
-486335
-492558
-492890
-493222
-494850
-497798
-499651
-502426
-502560
-505391
-508332
-509752
-510154
-511388
-513006
-513159
-513688
-514515
-517510
-518354
-518701
-522291
-523862
-525473
-528698
-530770
-534117
-534448
-534589
-537101
-538330
-539412
-540908
-545106
-547688
-548983
-551358
-553140
-553221
-554007
-554196
-555614
-555984
-559189
-561299
-564387
-564425
-564906
-570688
-571511
-572560
-573503
-580477
-581001
-582420
-586213
-587636
-590056
-592026
-592090
-593628
-593683
-595155
-596219
-601206
-601655
-603613
-604968
-606664
-609321
-610286
-613227
-617008
-618322
-629504
-633233
-633744
-636154
-641240
-642583
-642925
-646434
-650256
-651695
-656251
-656439
-656943
-657497
-658300
-658368
-659302
-659642
-662746
-667296
-668093
-668142
-669300
-671848
-672838
-674572
-675027
-675980
-678678
-690538
-691060
-691445
-691891
-693592
-694676
-694800
-698181
-698901
-699806
-701065
-705538
-705600
-706351
-709385
-712181
-712210
-715604
-718745
-718867
-720026
-721230
-728007
-728065
-729141
-730917
-734897
-735227
-736344
-736606
-740406
-743225
-750542
-751828
-755906
-757694
-759979
-763650
-764079
-765319
-766901
-769072
-769207
-772170
-781538
-782070
-782388
-784593
-785343
-786437
-788712
-790302
-799344
-800081
-800224
-800353
-802589
-805978
-806091
-806406
-807117
-808696
-811986
-817024
-817580
-821087
-824595
-827793
-828112
-828292
-828934
-830458
-830517
-833619
-835220
-835861
-841492
-841602
-841656
-844267
-845696
-851162
-851483
-852878
-854797
-856041
-857455
-864121
-866489
-869595
-870126
-871166
-871807
-872314
-872471
-873816
-874106
-879782
-880587
-880729
-881917
-884265
-887910
-892651
-894923
-899308
-899642
-900260
-902470
-903677
-903714
-904861
-908426
-908602
-909734
-913269
-918850
-920089
-920605
-922077
-922585
-924402
-925696
-926114
-931144
-936163
-938781
-943055
-947417
-947491
-952523
-953312
-953719
-954030
-956189
-958353
-958611
-959500
-962767
-964271
-966056
-966796
-967584
-968165
-968434
-969494
-970093
-978542
-979411
-983794
-985495
-985727
-989725
-991944
-992541
-993125
-995640
-996160
-997435
-998436
-998884
-999050
