999960
997308
994972
994407
993203
992900
992158
991638
990324
989664
988839
988836
988505
988168
987838
986700
986585
985658
985469
984893
983953
983337
983151
982534
982518
982071
981594
981324
980961
980841
979901
979230
978940
977871
977653
976811
976726
975560
975403
974721
974680
972654
971550
971017
968724
968666
967040
967025
966092
966057
965800
965780
965700
965555
962921
962011
960991
960886
960066
959850
959581
958942
958639
958622
958304
958209
956925
956896
955527
955215
955031
955003
954618
954578
952908
952773
950935
949334
948491
947836
946980
946906
946439
946348
945532
942467
942301
942010
941816
940993
939850
939024
938086
937851
937672
935937
935449
935033
933353
933008
932861
932581
930339
928653
927608
927320
926791
926474
926123
925825
924875
922842
920932
920927
919484
919367
917560
917467
915715
914877
914800
914755
914153
912800
912748
912602
910950
909976
909935
909216
908296
908202
907116
906977
906916
906419
906354
905637
904716
903993
903979
903861
901990
901647
901211
901167
900964
900898
899798
899458
899297
898722
898354
897768
897382
897145
896982
895250
893800
893429
892503
891804
891723
891660
890456
888832
887542
887361
886406
886070
884652
884566
883469
883404
882982
882731
882329
881690
881348
880195
879368
878378
878332
877920
876801
875958
875748
875687
875539
875514
874997
873965
873642
873028
872438
870476
870227
869470
868658
867508
867064
866905
865610
865455
865374
864925
864627
864562
862174
862000
860266
859359
859231
854576
853103
853052
852319
851596
851334
851013
850544
850190
848990
848809
848677
848600
848421
848099
847518
847302
846920
846752
846233
844940
844661
843985
842378
842160
841932
838006
835912
835548
835294
834636
834093
833417
831254
830744
829551
829126
827752
826016
823686
822450
821498
820247
819128
818954
816033
814802
814636
814126
812644
811774
811759
811275
810097
810016
809739
809568
809053
808674
808114
807993
807482
806339
805920
805307
804805
804763
804282
803731
802951
802283
801768
801350
799928
798292
797765
797090
796731
796330
796242
795876
795225
794585
793349
792514
791856
791445
789905
789230
789049
788902
788775
788774
788523
788444
788050
787210
785241
785219
784850
784789
783930
781204
779081
778319
774720
774604
774579
774525
771937
771692
771082
771082
770049
769880
769270
768247
767144
767120
766893
766102
765000
764258
763418
763130
762795
758769
758653
758486
757478
757410
757348
757331
756561
754895
752909
752591
752437
751600
751345
750687
750089
749166
746744
744352
744166
744151
743916
743488
743346
743065
742586
742217
741567
741039
740816
740359
740127
739734
739609
739565
739353
737003
736902
736434
735608
735447
733840
733301
732476
731508
730814
729008
728538
728425
726370
725820
725075
724032
722673
722655
722160
721875
721108
720618
720397
720315
719975
719889
719627
719251
719080
718704
718648
718227
717870
716219
715172
715080
713111
713048
711591
711027
710489
708737
706542
706291
705615
705199
704173
703813
702857
700938
700373
699088
698483
697577
696827
694891
694735
694115
691733
690804
685949
685888
685428
685349
684383
684033
683293
681584
681407
680735
680118
679887
679847
678010
677982
676401
675745
675294
675293
675212
674762
673794
673718
673374
672508
671966
671885
671195
670917
670873
670734
670217
669950
669899
668918
667810
665343
664813
664739
664611
664574
664227
663882
663653
662435
661827
661755
660889
660830
660027
659557
658722
657405
657057
655882
654972
654365
653733
653560
652461
651334
651003
650104
649616
648443
647752
647354
646941
645623
644962
644950
641957
641716
641443
641156
638797
638712
637586
637150
636944
636208
636127
636008
635587
635250
634195
634027
633928
632511
631692
631105
630885
630679
630200
630088
627540
627439
626670
626501
626412
625879
625783
625268
624284
624207
623972
622140
621819
620908
620810
620620
619637
619025
618837
618394
618345
618319
618046
617699
616423
616294
616102
615576
615191
615182
614740
612013
611422
610528
609637
609113
608945
607845
606885
606357
606243
606054
605877
605852
605228
604710
604120
603856
599655
599291
597985
596888
596865
596452
595861
594772
594478
594013
593871
593670
592855
592781
592770
592542
592326
591477
591107
590815
590389
589951
589297
588467
588273
586350
586275
586046
585688
585560
585439
584325
582538
582291
582281
582111
581330
581214
580735
580174
580113
579624
579403
578783
578774
578433
577967
576245
575784
574312
573549
573311
573183
572607
572587
572493
572075
571787
570838
569970
569687
569621
568707
568530
568064
567290
567281
565747
565625
565340
564891
564790
564406
564018
563811
563645
563548
563360
562249
561718
561515
561501
561204
560838
560417
559853
558569
557303
556905
556025
552975
552923
552403
552133
551871
550837
550733
549455
549341
549088
548922
548692
548258
548172
546439
546257
545279
545162
544628
544045
543720
542454
541080
540844
540214
540072
539958
539878
539056
538761
537627
536762
536086
535953
535486
534719
533692
533253
530813
530750
530374
529059
528258
527565
526693
526547
524639
523731
523172
520293
519893
519423
519106
518079
517983
517115
516744
516680
516141
515650
514650
514391
513160
513071
511549
511515
511388
510665
510361
509013
508551
508499
507906
507897
506395
505876
504915
504900
504366
504000
503585
503579
502927
501753
500265
500153
499982
499521
497802
496695
495259
495116
493678
492935
492751
492131
490439
489580
489454
489431
488077
488065
488003
487388
486673
486318
486230
486150
482573
482497
482336
482242
479896
479750
477435
474760
474594
473785
470863
470773
470678
470460
470404
470382
469702
469675
469275
468891
468379
468327
468066
467701
467463
467326
465737
465693
465102
464485
464443
463532
463416
462085
461587
460838
459976
459921
458585
457880
457790
457585
457123
456519
455971
455889
453325
452834
451672
450996
450811
450776
450418
450291
450201
450038
449972
449253
448839
448223
447336
444725
444333
443768
443095
443010
442625
441676
441100
440972
440006
438159
437609
436497
436030
435286
434402
433586
433586
433468
433341
433055
432850
432791
432470
432279
431599
431076
428491
428201
427268
426707
426538
426189
426171
425639
425059
424939
424924
424023
423812
423059
422802
422399
422294
419829
418240
417786
417681
417141
414204
413880
413775
413089
412432
411178
410861
410328
409501
409188
408177
407365
407278
406484
405661
405624
405146
405013
404389
404228
402101
401989
401021
400581
400493
399721
398923
398887
398316
398096
395901
395727
395300
394271
394008
393267
392496
392279
391857
391393
389991
389952
389829
388671
388120
387604
387572
387496
385542
385365
382546
380045
377585
376504
375260
374157
373980
371715
370065
369603
368928
368779
368429
368365
368061
367647
367506
367308
365284
363613
363466
362894
362053
361097
360890
360873
360723
360101
360070
360013
358611
358346
357766
357243
357159
355797
354825
354665
354381
351323
350789
350290
350198
350140
349184
349131
348502
347394
346973
345356
345333
344429
344374
344270
344124
343867
343671
343178
341827
341236
340504
340345
339902
339353
338055
337824
337303
336179
336067
335988
335844
334768
334481
334285
334221
333794
333669
333028
332720
331632
331361
329756
329133
329055
327993
327241
325251
324803
324597
324489
324392
323863
323131
322782
322528
320788
318977
318387
318052
317193
317187
316964
316774
316198
315537
315391
314841
314311
313678
313558
313285
312367
312251
312233
312153
311935
310645
310432
308265
308197
308035
307743
306693
302638
302603
302581
301939
301660
301624
301590
299055
297748
296912
295238
294472
293802
293620
291374
290809
290451
289974
289350
289091
288522
288075
284371
283943
283937
283745
281898
281412
281157
280549
280160
279765
279193
278007
277949
276859
275562
274651
274529
274289
273878
271776
271164
269537
268883
267828
267683
267532
267445
266855
266569
264779
263930
263329
263263
263087
262660
262119
261701
260716
259881
259514
257720
257577
257550
256773
256663
256541
256448
255919
255852
255784
254600
253380
250651
250479
250055
249998
249733
249177
248399
247889
247797
247777
247641
245206
245163
244184
243745
243473
242181
242169
239954
239787
239586
239354
238859
238827
237937
237528
237144
235437
234941
234400
233243
233198
233131
232977
232139
231645
231491
230323
229461
229075
228524
227199
227093
225978
225976
225207
224783
224133
224063
223762
223686
222398
222076
221103
221040
218804
218068
218024
217761
217703
216845
216598
215971
215689
215184
214783
213715
213695
213535
213245
213075
213036
212800
212642
211598
209766
209582
209543
208463
207934
207837
206008
205782
203921
203899
203549
202372
199606
199127
197905
197344
195792
194549
194171
194137
190701
190585
190552
190238
189447
189179
187875
187585
186294
186191
186040
185855
183249
181899
181285
180578
179768
179037
178388
177861
177399
177182
176716
174069
173696
173436
173094
172330
171869
168287
167810
166247
166224
165755
164669
164412
164359
164241
163872
163193
163125
163113
161531
161439
159907
157784
157781
156522
155704
154970
154551
154319
153842
153241
153221
152456
152157
151776
151686
150823
150709
148166
147779
147503
147191
146855
145980
145487
145338
144480
144304
144146
143421
143419
142584
141666
141506
141166
141076
140879
140803
140123
139509
139294
138807
138645
138221
138197
137152
137041
136728
136717
136031
135345
134970
134243
134226
133911
132725
131865
131790
130679
130667
129790
128898
128261
127364
126616
125874
125760
124866
124500
123962
123549
123500
122552
121635
120930
118398
118327
117863
116779
116746
116391
116014
114703
114569
114372
113662
113387
112859
112698
112517
111116
110914
109542
109475
109084
108926
108749
107433
107421
106824
105041
104966
104962
102258
101210
99856
99642
99493
98690
97605
97577
97351
95266
95245
94869
94711
93806
93271
91866
87996
87718
87438
86885
86326
85488
85213
84120
83893
83412
82502
81316
80945
79418
78944
78774
77883
77482
75754
75547
75346
74231
74169
73347
72950
72807
72539
72483
71194
70505
70275
70040
69850
69035
68417
67477
66413
65299
63223
62968
62807
62170
61939
61938
61607
61196
59526
58953
58575
57958
56352
56285
55528
55256
52459
52010
49627
48831
48237
48001
47478
47001
46959
46945
46934
46753
46415
45299
45224
44637
43791
43423
41935
38030
37366
35522
34972
34360
33101
31905
30694
30346
30270
29522
29262
28997
27544
27121
26592
25467
22602
21883
21259
21098
21091
21063
20969
19556
19447
18877
18854
18784
18582
18371
16532
16115
16053
15853
15717
15385
15246
14436
14305
14195
13482
12955
12873
11915
11556
11216
10940
10341
9912
8779
8532
8166
7410
7033
6752
6489
6461
6246
5865
3915
3823
3519
3353
3352
3284
2857
1517
1147
759
561
220
201
-1932
-2257
-2729
-3214
-3778
-3927
-4126
-4570
-5495
-6340
-7018
-7434
-7491
-7900
-7989
-9820
-11108
-11761
-13068
-14504
-16137
-16781
-17160
-17210
-17261
-17414
-19319
-19361
-19738
-19913
-20299
-21882
-22675
-22931
-24124
-24734
-25227
-28925
-30316
-31994
-32313
-32916
-33395
-33543
-36857
-36979
-37315
-37461
-38964
-39797
-41180
-42110
-42622
-43800
-43912
-44454
-44555
-44709
-44933
-45084
-47231
-47885
-48699
-48922
-49207
-49636
-49949
-51532
-51615
-52975
-55179
-55381
-56144
-56979
-57213
-57497
-58222
-58549
-58864
-59086
-59609
-59865
-61228
-62722
-63206
-63892
-65746
-65816
-65908
-66324
-67093
-68767
-70195
-70196
-70865
-71011
-71454
-71719
-72362
-73462
-74035
-74049
-74319
-75371
-75960
-75986
-82264
-82518
-82826
-85744
-87148
-89259
-89647
-90093
-91515
-91817
-91860
-91865
-92163
-94729
-95359
-95506
-98514
-99092
-99379
-99386
-99533
-99703
-101176
-102117
-102210
-102356
-102825
-103088
-103921
-104611
-105044
-105355
-106392
-106395
-106968
-110477
-110609
-111658
-111813
-111940
-112690
-113058
-113189
-113310
-113371
-113658
-115015
-117470
-117929
-118501
-119046
-119476
-121287
-123055
-124521
-124582
-124999
-127279
-127480
-127574
-127648
-127993
-128132
-128138
-129651
-129737
-129976
-130088
-131944
-132026
-132119
-132283
-132906
-133793
-133805
-134384
-135283
-135393
-135833
-137557
-138166
-138252
-138977
-139462
-139507
-140902
-141151
-141332
-141428
-141934
-142037
-143883
-144535
-144725
-146230
-147610
-148526
-149610
-150071
-150461
-150649
-150914
-151271
-151455
-152063
-152266
-152545
-153060
-154076
-154944
-156010
-156760
-157282
-158454
-158559
-158863
-161478
-162109
-163367
-163378
-163799
-164741
-166151
-166722
-166742
-167075
-167256
-167308
-167906
-168827
-169495
-169950
-170508
-170914
-172378
-172656
-173203
-173207
-173239
-173409
-173647
-173655
-173756
-175197
-175859
-176371
-176385
-176656
-178421
-178591
-179408
-179688
-179712
-181266
-181621
-181763
-183047
-183540
-184780
-187253
-187611
-188103
-188270
-188728
-189006
-189418
-189589
-190592
-190725
-192376
-192735
-192819
-193885
-194477
-194597
-196600
-197041
-198094
-198223
-198472
-198723
-199191
-199359
-199857
-202286
-204340
-205983
-208255
-210109
-210958
-210998
-211323
-211645
-211692
-211941
-212077
-212330
-212585
-213336
-213458
-214804
-215030
-215511
-215566
-215620
-216558
-216843
-217131
-217560
-217940
-219871
-220416
-220568
-220796
-220944
-221053
-222800
-223769
-224769
-224907
-225517
-226231
-228291
-228346
-229612
-230540
-231126
-232304
-232619
-232893
-233404
-233965
-236577
-236932
-237740
-238732
-240558
-240607
-240810
-241853
-241890
-242336
-243534
-244595
-245385
-245720
-246512
-246765
-249390
-250415
-251068
-251322
-251615
-253454
-253496
-256061
-256965
-257877
-258177
-259142
-259613
-260247
-261687
-262358
-262826
-263059
-263443
-268103
-268397
-268675
-268699
-268833
-268939
-271273
-271756
-271837
-272379
-272735
-274307
-275519
-276551
-277084
-277129
-277391
-278923
-282188
-282202
-282516
-282900
-284062
-284202
-285465
-285803
-287405
-288531
-289483
-289731
-290186
-290226
-290404
-292024
-293356
-293792
-294727
-294795
-296650
-296695
-298232
-300666
-300715
-300847
-302127
-302714
-304117
-304431
-306078
-307899
-309486
-309696
-311191
-311350
-311492
-311546
-312099
-312900
-314611
-315839
-317246
-317584
-318171
-318618
-318759
-319196
-319446
-320377
-321323
-326671
-327378
-329208
-329385
-331493
-332295
-332617
-332692
-335811
-336282
-336375
-337112
-337924
-339168
-339221
-339365
-339375
-340823
-341383
-342045
-343799
-344690
-345142
-345278
-345726
-347055
-347402
-347425
-347584
-347686
-348652
-349015
-349233
-350444
-350658
-351753
-352088
-353327
-355146
-355917
-357273
-357470
-358578
-359164
-359374
-359828
-360170
-361081
-362340
-362800
-363359
-363974
-364436
-365413
-366538
-367428
-367481
-368125
-368947
-370926
-371440
-371940
-372357
-373182
-374007
-374202
-376742
-377196
-378317
-378728
-379361
-380191
-381266
-381786
-381851
-382331
-382363
-382482
-383602
-383835
-384859
-385618
-386494
-386975
-387056
-387402
-387656
-388584
-389315
-389471
-391175
-391199
-391452
-391511
-391856
-392203
-392314
-392464
-392831
-393680
-393854
-394088
-394887
-395804
-396088
-396302
-398363
-399047
-399103
-399230
-400063
-400655
-401139
-401717
-403052
-403136
-403969
-404392
-405787
-406268
-406955
-407176
-408308
-408374
-408727
-408999
-409215
-410463
-411406
-412280
-412319
-412891
-413613
-414865
-416193
-416269
-416344
-417058
-418338
-418341
-418903
-418931
-419074
-419611
-423823
-424334
-424585
-424684
-425109
-425169
-425186
-427181
-427189
-427270
-427700
-428471
-430420
-431036
-432015
-432597
-433029
-433448
-434006
-434680
-434885
-436226
-437311
-438657
-438974
-440270
-440484
-440624
-440744
-441328
-441975
-442410
-443155
-443646
-444245
-444782
-446303
-446993
-447762
-447808
-448544
-451080
-451927
-452047
-452373
-456351
-458083
-458634
-458771
-458894
-459517
-459551
-459585
-460353
-460869
-461020
-462503
-463413
-464820
-466870
-466889
-467528
-467765
-470041
-470139
-470358
-470597
-471331
-471452
-471500
-471556
-472083
-473759
-473977
-475375
-475966
-476244
-476611
-476723
-476877
-476999
-477059
-477644
-477919
-477999
-478475
-478520
-479044
-479794
-481018
-481305
-481402
-481635
-482086
-482265
-483742
-484826
-484897
-485144
-485425
-486412
-488718
-489402
-489564
-489630
-489858
-490501
-491043
-492231
-493093
-493316
-494067
-494553
-495699
-496337
-496344
-496536
-497912
-499902
-500461
-501023
-501144
-501833
-502272
-502646
-503149
-503671
-503950
-504179
-504454
-505039
-505326
-506249
-506357
-506431
-506730
-506784
-506805
-507301
-509284
-509562
-510269
-510645
-511995
-512343
-513765
-514191
-514301
-515239
-515733
-516709
-518217
-520306
-521050
-521466
-522246
-522928
-523030
-523814
-524130
-525374
-525785
-526221
-526251
-526704
-527787
-529024
-529145
-529698
-529709
-532051
-532492
-532595
-532613
-532781
-533424
-533426
-534062
-534932
-534936
-535053
-536119
-536920
-537125
-537217
-537907
-538163
-539258
-539913
-540183
-542309
-543341
-543404
-545311
-547038
-547149
-547393
-547626
-547835
-547905
-550506
-550833
-550861
-552011
-552614
-552890
-553277
-554074
-554085
-555092
-555539
-555949
-556730
-556982
-556995
-557007
-557211
-557386
-557968
-558561
-558607
-559118
-559196
-559899
-559963
-561328
-561501
-562161
-562528
-564490
-565516
-566553
-566637
-566753
-567266
-567324
-568208
-568682
-568695
-569018
-570487
-570586
-571018
-571184
-572394
-573524
-574157
-574718
-576290
-578650
-579177
-579420
-579837
-580577
-581293
-581782
-582006
-582303
-583300
-587045
-587847
-588123
-588154
-588311
-591120
-591786
-591850
-596202
-596850
-597438
-597861
-597921
-598028
-598837
-599862
-600309
-600879
-601501
-601730
-601866
-603756
-604914
-605312
-605584
-606675
-606735
-607465
-609608
-609691
-609959
-610028
-610952
-610991
-612172
-613423
-613485
-614422
-614647
-614709
-615855
-616283
-617259
-617299
-617872
-618024
-621109
-621770
-621819
-621945
-622150
-622648
-623609
-624209
-625108
-625675
-625677
-626405
-626649
-626897
-627456
-628479
-629307
-629924
-630276
-631226
-631393
-631609
-632960
-633519
-634450
-635786
-636156
-636629
-637563
-638283
-638466
-639353
-639388
-639480
-640463
-640592
-640671
-641808
-642075
-645021
-645049
-648150
-648554
-648653
-648871
-649282
-649680
-650915
-651807
-652808
-652926
-652951
-655268
-655493
-656120
-656620
-656811
-657136
-657255
-657871
-658827
-658995
-659481
-661004
-661067
-661139
-662475
-662971
-663125
-664176
-664894
-666403
-668617
-669564
-669624
-671460
-672072
-672535
-672633
-672982
-673383
-673482
-674402
-675540
-676029
-678567
-678674
-679633
-680308
-680391
-680870
-681499
-682239
-682356
-682415
-683167
-683748
-683942
-684424
-684948
-685044
-686080
-687118
-687850
-690567
-691374
-691425
-692094
-692921
-694375
-695187
-695702
-695715
-697214
-698263
-698264
-700588
-700923
-701552
-703357
-704543
-705439
-705492
-705711
-706216
-706356
-706587
-707137
-707186
-707618
-708734
-709740
-711708
-712179
-712313
-712625
-713633
-714652
-715065
-717549
-718957
-719766
-719825
-719878
-719953
-720084
-721525
-722149
-722402
-723704
-723881
-724053
-724421
-725468
-725650
-726131
-726435
-726874
-728377
-728508
-728708
-730710
-730849
-731728
-731753
-732060
-732561
-733751
-734403
-734603
-734644
-735078
-735425
-735789
-737761
-738191
-743119
-743326
-743943
-744186
-744648
-745693
-746178
-746189
-746534
-746731
-746922
-746965
-748678
-748818
-749946
-750450
-751063
-751265
-751724
-751932
-752215
-752425
-752801
-752953
-753304
-753588
-755286
-757603
-758862
-759471
-761097
-761248
-761408
-762505
-762993
-763340
-763445
-763834
-764315
-764667
-765321
-765387
-765702
-766242
-766419
-768109
-768220
-769091
-771980
-772381
-773105
-776118
-776308
-776716
-777038
-778258
-778817
-779215
-779472
-781386
-782427
-783177
-784247
-784334
-784351
-784617
-785399
-785500
-785677
-788870
-788975
-790496
-791208
-792696
-793274
-794031
-794165
-797125
-797294
-797488
-798465
-798795
-799351
-801561
-801683
-803027
-803028
-803928
-804742
-806631
-807167
-807814
-808314
-808598
-808997
-809129
-809212
-809575
-809601
-809698
-809703
-812019
-812124
-814203
-817272
-817577
-818136
-818594
-819823
-819825
-820059
-820597
-821437
-821629
-823455
-823541
-823672
-825300
-825316
-825497
-827000
-828491
-828823
-828935
-829474
-830054
-830944
-831615
-831684
-832774
-832837
-833180
-833827
-834125
-834305
-835383
-836856
-836940
-837166
-837788
-838953
-840591
-841817
-841844
-843491
-844726
-845128
-845695
-847103
-847217
-847225
-847785
-848461
-848598
-848827
-848842
-850428
-850798
-851331
-851651
-851783
-852853
-853512
-854836
-855462
-855535
-855896
-856082
-856248
-856827
-856859
-857094
-857499
-858041
-858660
-859197
-859468
-859924
-860632
-860765
-860869
-861665
-863882
-865010
-865391
-865509
-865808
-865943
-866063
-866247
-866273
-867336
-867681
-869391
-870345
-870485
-872260
-873493
-873865
-875217
-875985
-876366
-877632
-879011
-879403
-880242
-880455
-881166
-881442
-882226
-882330
-882827
-883811
-884679
-885789
-886153
-886182
-886930
-887316
-887961
-889146
-889340
-891540
-891908
-893351
-894502
-894597
-894603
-895758
-896466
-896731
-896938
-897140
-897610
-898810
-899469
-899755
-900465
-900528
-900634
-902119
-902140
-902759
-903135
-903215
-903722
-903944
-904291
-904506
-904595
-905312
-906344
-906539
-907149
-907229
-907512
-908376
-908380
-908579
-908584
-908870
-909326
-910117
-910447
-910939
-911003
-911215
-911400
-911471
-911974
-912357
-912414
-912983
-913058
-913903
-915104
-915761
-917037
-917847
-918826
-919234
-919982
-921058
-921950
-921972
-924359
-924489
-924988
-925001
-926183
-926687
-930060
-932277
-932932
-933848
-934330
-934564
-935343
-935440
-935800
-936366
-936398
-938073
-938366
-939762
-940130
-941108
-941361
-942133
-942169
-943126
-943235
-943644
-944070
-945126
-945413
-945509
-945646
-948253
-948322
-949310
-950194
-950365
-950684
-950894
-951477
-952707
-952942
-953264
-954574
-955338
-956766
-958058
-960174
-960715
-961065
-961816
-961888
-961898
-963230
-963490
-964769
-965920
-966017
-966770
-967204
-968413
-968929
-969123
-969647
-970078
-970663
-970851
-971757
-972301
-972338
-975169
-975441
-976176
-976742
-977990
-978413
-978923
-979090
-979442
-980094
-980142
-982365
-982389
-984483
-984659
-984942
-985836
-986073
-986168
-987036
-988204
-989484
-989562
-989869
-990395
-990720
-990878
-991840
-992289
-992874
-993793
-994407
-994814
-995067
-996621
-997277
-997426
-997580
-998797
-999110
